launched :
--> Mon Apr 30 14:22:34 CEST 2012
 simu_12****************************************************************************************************************************
Simulation with parameters :
nbAgents : 600
nbHosts : 180
_usedProtocol : mirror protocol
_agentSelection : greedy select
_hostSelection : alloc select
_socialWelfare : Utility
agentAccessiblePerHost : 2000
hostFaultProbabilityMean : 0.7
hostDisponibilityDispersion : Moyen
agentLoadMean : 0.5
agentLoadDispersion : Moyen
hostCapacityMean : 3.3333333333333335
hostCapacityDispersion : Faible
agentCriticityMean : 0.5
agentCriticityDispersion : Fort
dynamicCriticity : true
host_maxSimultaneousFailure : 0.0
startingNbAgents : 2000
startingNbHosts : 600
simultaneousCandidature : 15
simultaneousAcceptation : 10
completGraph : true
multiDim : true
choosenType : Static
_host_maxFaultfrequency : 500
_timeScale : 5000
_lambdaRepair : 1.0
_kValue : 7.0
_kRepair : 0.001
_theta : 0.0
_criticityMin : 0.1
_criticityVariationProba : 0.2
_criticityVariationAmplitude : 0.3
_criticity_update_frequency : 2000
currentlyInstanciating : false
_maxSimulationTime : 2700000
**************
 results are :

t (seconds);	 reliability min;	 reliability firstTercile;	 reliability  mediane;	  reliability lastTercile;	 reliability  max ;	 reliability mean ;	 percent of agent aggregated=
0.0 ;	 0.039999999999999994;	 0.3030205139423398;	 0.4337615788021038;	 0.5634148776597309;	 0.9999999999999287;	 0.4528083554342379;	 (2.0)
30.0 ;	 0.039999999999999994;	 0.31719733158349345;	 0.45303627778787464;	 0.6041840363459073;	 0.9999492943885594;	 0.47556221688659206;	 (1.0)
60.0 ;	 0.040921317654206306;	 0.30880997716065944;	 0.44612525066807546;	 0.612113056986347;	 0.9999996923163431;	 0.4713371754685732;	 (1.0)
90.0 ;	 0.04620647510327043;	 0.311576526460681;	 0.4450733713172504;	 0.5863193039091331;	 0.9999996923163431;	 0.4691103383217186;	 (1.0)
120.0 ;	 0.040921317654206306;	 0.3031987890986071;	 0.4310318304920453;	 0.5857608996099284;	 1.0;	 0.46278484521017577;	 (1.0)
150.0 ;	 0.05642016816724003;	 0.3100263375952493;	 0.4758998434308553;	 0.6232744648832916;	 0.9999999999994503;	 0.47472999404051136;	 (1.0)
180.0 ;	 0.05054227728678319;	 0.30091017512273666;	 0.4466663069979759;	 0.5786554532054542;	 0.9999999762911477;	 0.45890634565559957;	 (1.0)
210.0 ;	 0.039999999999999994;	 0.3004356052917227;	 0.4423908476955857;	 0.5721489152779617;	 0.9999999999994503;	 0.45846144733625105;	 (1.0)
240.0 ;	 0.039999999999999994;	 0.30852401413751407;	 0.43706039176920525;	 0.5835840299792118;	 0.9999999999994503;	 0.4634608769330478;	 (1.0)
270.0 ;	 0.039999999999999994;	 0.3060381076190796;	 0.4426336111174267;	 0.5836564187418787;	 0.9999999762911477;	 0.4633630462734697;	 (1.0)
300.0 ;	 0.046385267112922485;	 0.3130941693606022;	 0.43893207443642757;	 0.596457726517373;	 1.0;	 0.4686985480118807;	 (1.0)
330.0 ;	 0.046385267112922485;	 0.3053577917886567;	 0.4513831031827421;	 0.5923984484386411;	 0.9999999999968423;	 0.46447174653886225;	 (1.0)
360.0 ;	 0.04620647510327043;	 0.2937963760221852;	 0.4583775039505823;	 0.5921704118601107;	 0.9999999972428159;	 0.4616513189607619;	 (1.0)
390.0 ;	 0.04231435325816551;	 0.31339716179089633;	 0.4330045682225802;	 0.5737694763394418;	 0.9999999999968423;	 0.4652606446886459;	 (1.0)
420.0 ;	 0.040921317654206306;	 0.31547425843108806;	 0.44855616762671996;	 0.6051579547811621;	 0.9999999999968423;	 0.4635038798087025;	 (1.0)
450.0 ;	 0.040921317654206306;	 0.29906163469591757;	 0.4444683463432256;	 0.578864377214783;	 0.9999999999968423;	 0.45519275133395154;	 (1.0)
480.0 ;	 0.040921317654206306;	 0.30634153716831947;	 0.43545758214264346;	 0.572291522753865;	 0.999999984843971;	 0.46208291071548097;	 (1.0)
510.0 ;	 0.040921317654206306;	 0.2993769164832928;	 0.44442973377972156;	 0.5783390474124579;	 0.9999994573493418;	 0.4568559364713243;	 (1.0)
540.0 ;	 0.040921317654206306;	 0.28545589116986075;	 0.43777652102557674;	 0.5860420981483359;	 0.9999999999968423;	 0.45707474581516283;	 (1.0)
570.0 ;	 0.04231435325816551;	 0.29707378017203506;	 0.43843803332478254;	 0.5771430174987147;	 0.9999999822162399;	 0.4616679077522726;	 (1.0)
600.0 ;	 0.055454594786282424;	 0.31059574686255065;	 0.44285823295506554;	 0.5867201360918046;	 0.9999999382622564;	 0.4707087290977162;	 (1.0)
630.0 ;	 0.04920779021253752;	 0.3184929631682248;	 0.4434101332828764;	 0.559321466334101;	 0.9999999999999876;	 0.4600638969429512;	 (1.0)
660.0 ;	 0.046385267112922485;	 0.31351355547417814;	 0.4484648337902538;	 0.6051638931978162;	 0.9999999999999876;	 0.4690452221892837;	 (1.0)
690.0 ;	 0.040921317654206306;	 0.29219831946937475;	 0.4390242403333378;	 0.5689715892446072;	 1.0;	 0.45919242310649594;	 (1.0)
720.0 ;	 0.040921317654206306;	 0.28193878969215025;	 0.4261525120874712;	 0.5696198585788765;	 1.0;	 0.4495333921799913;	 (1.0)
750.0 ;	 0.040921317654206306;	 0.292604231711606;	 0.4193054522982994;	 0.5536163209254632;	 0.9999999290501074;	 0.44520863156714163;	 (1.0)
780.0 ;	 0.039999999999999994;	 0.28561012972656175;	 0.4288661867916297;	 0.5967238969639455;	 0.999999984843971;	 0.45736559537204263;	 (1.0)
810.0 ;	 0.039999999999999994;	 0.28838658313986654;	 0.4211707782829432;	 0.5666535715156433;	 1.0;	 0.4499794930496402;	 (1.0)
840.0 ;	 0.039999999999999994;	 0.28460823188134365;	 0.44626985897178895;	 0.580810677970296;	 1.0;	 0.45868242873461224;	 (1.0)
870.0 ;	 0.039999999999999994;	 0.31231287673506936;	 0.454239153419152;	 0.5961585651490912;	 1.0;	 0.46735940363302136;	 (1.0)
900.0 ;	 0.039999999999999994;	 0.2898918273351655;	 0.45243410922382565;	 0.5868522883495346;	 0.9999999290501074;	 0.4571275404532736;	 (1.0)
930.0 ;	 0.04620647510327043;	 0.3018060616681869;	 0.42453145123970154;	 0.5941114518706373;	 1.0;	 0.4647612218135217;	 (1.0)
960.0 ;	 0.04394060246510585;	 0.302929268156737;	 0.4591426322630842;	 0.6039576966348179;	 1.0;	 0.4723594121718052;	 (1.0)
990.0 ;	 0.04620647510327043;	 0.30337122250668414;	 0.4565881288475788;	 0.5913474101780326;	 1.0;	 0.46127694989570484;	 (1.0)
1020.0 ;	 0.040921317654206306;	 0.3025622691173259;	 0.4459165257567457;	 0.5843957345876604;	 1.0;	 0.4599638455066536;	 (1.0)
1050.0 ;	 0.040921317654206306;	 0.2947849737661128;	 0.4517530802634022;	 0.5836564187418787;	 0.9999999822162399;	 0.46155531227271523;	 (1.0)
1080.0 ;	 0.040921317654206306;	 0.299130183413038;	 0.4374135773979793;	 0.5844473123999702;	 0.9999999999081378;	 0.4616311114451786;	 (1.0)
1110.0 ;	 0.040921317654206306;	 0.30457537114410976;	 0.4478900329358544;	 0.6181888744160966;	 0.9999999822162399;	 0.4709793580371388;	 (1.0)
1140.0 ;	 0.040921317654206306;	 0.3174712518418322;	 0.456595626040779;	 0.6115850079859472;	 0.9999999290501074;	 0.47558611926008326;	 (1.0)
1170.0 ;	 0.040921317654206306;	 0.29958235589339705;	 0.45911985482088924;	 0.6205123393941143;	 0.9999994573493418;	 0.4725299438599354;	 (1.0)
1200.0 ;	 0.04903573180751691;	 0.30316658333998464;	 0.4604901757246014;	 0.6144694759103966;	 0.9999999999915525;	 0.4740265925854637;	 (1.0)
1230.0 ;	 0.039999999999999994;	 0.31336300102682296;	 0.472677585352471;	 0.6197137332443928;	 0.9999999999915525;	 0.47535417200190805;	 (1.0)
1260.0 ;	 0.04231435325816551;	 0.33119585627756665;	 0.4681418968907565;	 0.6082462898129769;	 0.9999994573493418;	 0.47823305909662994;	 (1.0)
1290.0 ;	 0.04231435325816551;	 0.3356471114867863;	 0.46507682798080824;	 0.6211214976937537;	 0.9999999999081378;	 0.4739466719788915;	 (1.0)
1320.0 ;	 0.04231435325816551;	 0.33387915604579155;	 0.47254991998122153;	 0.619704315600658;	 1.0;	 0.4807080130963363;	 (1.0)
1350.0 ;	 0.039999999999999994;	 0.31506430212195585;	 0.4773519730386741;	 0.6232437619672109;	 1.0;	 0.4824777091687555;	 (1.0)
1380.0 ;	 0.040921317654206306;	 0.3187394793091467;	 0.4542617419998805;	 0.5931815491612971;	 1.0;	 0.4768196159393663;	 (1.0)
1410.0 ;	 0.040921317654206306;	 0.29569793910570963;	 0.45075933782816235;	 0.608791690967936;	 0.9999999382622564;	 0.47053045472992977;	 (1.0)
1440.0 ;	 0.039999999999999994;	 0.2920539516704474;	 0.44010920790604685;	 0.6060375742413877;	 1.0;	 0.46700660494223406;	 (1.0)
1470.0 ;	 0.040921317654206306;	 0.2839588737309658;	 0.43020000358169264;	 0.601239715496283;	 1.0;	 0.4652054536865221;	 (1.0)
1500.0 ;	 0.040921317654206306;	 0.29355052898306383;	 0.4460183130523848;	 0.6079754317490104;	 0.9999996648076523;	 0.4625880394112777;	 (1.0)
1530.0 ;	 0.04394060246510585;	 0.3137196484061972;	 0.46116484266836455;	 0.5980106623450585;	 1.0;	 0.46655593535287343;	 (1.0)
1560.0 ;	 0.05054227728678319;	 0.31863951744989333;	 0.4620647510327043;	 0.6021706136605823;	 0.9999992564844216;	 0.47026990527004264;	 (1.0)
1590.0 ;	 0.040921317654206306;	 0.29671603812077835;	 0.4354171150712573;	 0.572683367008322;	 0.999999984843971;	 0.4634075703493275;	 (1.0)
1620.0 ;	 0.040921317654206306;	 0.3112606347047904;	 0.43865322334040713;	 0.5855855669543761;	 1.0;	 0.470261924021464;	 (1.0)
1650.0 ;	 0.04620647510327043;	 0.29130935797905994;	 0.4341452725673133;	 0.5816644701510882;	 1.0;	 0.4645841900837466;	 (1.0)
1680.0 ;	 0.04355513898499312;	 0.28589336108414215;	 0.4139570019636024;	 0.5857608996099284;	 1.0;	 0.4517204279680637;	 (1.0)
1710.0 ;	 0.04231435325816551;	 0.2906179086173779;	 0.4473747144842827;	 0.5773745969265387;	 1.0;	 0.45433377902616656;	 (1.0)
1740.0 ;	 0.04903573180751691;	 0.29915405281392043;	 0.44717783277254;	 0.5781413731395002;	 0.9999999999993248;	 0.4561354117145424;	 (1.0)
1770.0 ;	 0.046385267112922485;	 0.2902335733423718;	 0.4276815735898669;	 0.5665736950814387;	 1.0;	 0.45258601403787857;	 (1.0)
1800.0 ;	 0.04620647510327043;	 0.298423182824262;	 0.4491613729025596;	 0.5899859794174548;	 1.0;	 0.4637395880190817;	 (1.0)
1830.0 ;	 0.04620647510327043;	 0.29707832779614346;	 0.44921812817620843;	 0.5952463913753918;	 1.0;	 0.4618315789400781;	 (1.0)
1860.0 ;	 0.039999999999999994;	 0.2846475502235786;	 0.43564385151062796;	 0.5863360338832063;	 1.0;	 0.46257824119085345;	 (1.0)
1890.0 ;	 0.039999999999999994;	 0.33104084433802805;	 0.4649193966923522;	 0.5933345357708433;	 1.0;	 0.47861399177563035;	 (1.0)
1920.0 ;	 0.04231435325816551;	 0.31073050019191073;	 0.44096605003665046;	 0.5865144558801842;	 1.0;	 0.46977845936653484;	 (1.0)
1950.0 ;	 0.040921317654206306;	 0.3366961052053825;	 0.4483842842346516;	 0.602718452348952;	 1.0;	 0.48035843797336214;	 (1.0)
1980.0 ;	 0.040921317654206306;	 0.3041151310945302;	 0.44685670989192855;	 0.6157907544032831;	 1.0;	 0.47387530913801046;	 (1.0)
2010.0 ;	 0.039999999999999994;	 0.3082894168180541;	 0.4446219966834273;	 0.6008967499810527;	 1.0;	 0.4669226676015388;	 (1.0)
2040.0 ;	 0.04729271089679933;	 0.29022513824941876;	 0.4417907797855203;	 0.5857608996099284;	 1.0;	 0.46155761201337736;	 (1.0)
2070.0 ;	 0.046385267112922485;	 0.3029908285566487;	 0.4410898610284685;	 0.6064436211168863;	 0.9999999382622564;	 0.4579523525277373;	 (1.0)
2100.0 ;	 0.040921317654206306;	 0.2707204145863675;	 0.4227994490933608;	 0.599829864182863;	 1.0;	 0.45729345251015163;	 (1.0)
2130.0 ;	 0.039999999999999994;	 0.2829787392888574;	 0.4301813911867899;	 0.6048533569697637;	 1.0;	 0.4608829090189751;	 (1.0)
2160.0 ;	 0.040921317654206306;	 0.31822703687486004;	 0.4677844880129802;	 0.5956251072442946;	 0.9999999985222594;	 0.4663627755283257;	 (1.0)
2190.0 ;	 0.039999999999999994;	 0.3231803221800318;	 0.44801968321349017;	 0.604308507479474;	 0.9999999985222594;	 0.47103218986755335;	 (1.0)
2220.0 ;	 0.046385267112922485;	 0.3041238053931239;	 0.4544229989486405;	 0.6111089704581257;	 0.999999846219483;	 0.47206856106031003;	 (1.0)
2250.0 ;	 0.039999999999999994;	 0.2826725051622131;	 0.4212146090028505;	 0.5729161676470752;	 1.0;	 0.4502003158491252;	 (1.0)
2280.0 ;	 0.04231435325816551;	 0.27558108752998905;	 0.4121167256366111;	 0.5707790924388133;	 1.0;	 0.4446588998700037;	 (1.0)
2310.0 ;	 0.040921317654206306;	 0.2974492085111524;	 0.4301270807558726;	 0.5810674513004542;	 0.9999511165559624;	 0.45159033560185935;	 (1.0)
2340.0 ;	 0.040921317654206306;	 0.286487806901434;	 0.42288004513577315;	 0.5602192046725711;	 1.0;	 0.45073434209787705;	 (1.0)
2370.0 ;	 0.039999999999999994;	 0.29635621801959805;	 0.4390178688636815;	 0.5799916193764008;	 0.9999999999999998;	 0.4541291596842285;	 (1.0)
2400.0 ;	 0.049751133551582165;	 0.3008284431542122;	 0.4394060246510585;	 0.5768966571439857;	 0.9999998406697943;	 0.4550027922293966;	 (1.0)
2430.0 ;	 0.04231435325816551;	 0.30490045007433253;	 0.4326289625591213;	 0.5911994290420084;	 1.0;	 0.4564292336539732;	 (1.0)
2460.0 ;	 0.04920779021253752;	 0.2866402656963986;	 0.44862817004214145;	 0.602558330723764;	 0.9999999969826259;	 0.4581298015806608;	 (1.0)
2490.0 ;	 0.04231435325816551;	 0.29838909832735605;	 0.4370652475017763;	 0.5879927650195748;	 0.9999999910032212;	 0.457040401627165;	 (1.0)
2520.0 ;	 0.04231435325816551;	 0.31373131155222916;	 0.442036693624235;	 0.571930941143715;	 1.0;	 0.4608264349550502;	 (1.0)
2550.0 ;	 0.04620647510327043;	 0.3105495425035109;	 0.4376550900586649;	 0.5842256508818421;	 0.9999999910032212;	 0.4571769813417201;	 (1.0)
2580.0 ;	 0.046385267112922485;	 0.3052066266934452;	 0.42962255406910715;	 0.5898353633342511;	 0.9999999999993248;	 0.4659255717510548;	 (1.0)
2610.0 ;	 0.04231435325816551;	 0.2996805837195447;	 0.4399201902372028;	 0.5788896797983699;	 0.9999999999999918;	 0.4561805356462934;	 (1.0)
2640.0 ;	 0.04231435325816551;	 0.2920616958864056;	 0.4399032985956195;	 0.5938116171047462;	 1.0;	 0.4598659590259394;	 (1.0)
2670.0 ;	 0.04231435325816551;	 0.2960819871710582;	 0.4342603124748185;	 0.5938116171047462;	 1.0;	 0.4556132701274391;	 (1.7033333333333334)
2700.0 ;	 0.04231435325816551;	 0.2886737531729298;	 0.43363701430599055;	 0.588712148655348;	 1.0;	 0.45135568792251046;	 (1.0)


t (seconds);	 disponibilite min;	 disponibilite firstTercile;	 disponibilite  mediane;	  disponibilite lastTercile;	 disponibilite  max ;	 disponibilite mean ;	 percent of agent aggregated=
0.0 ;	 0.3999999999999999;	 0.8349332595404269;	 0.9080242266924652;	 0.9646503380914496;	 1.0;	 0.7722650914528928;	 (2.0)
30.0 ;	 0.3999999999999999;	 0.8546496787222753;	 0.9227103211507965;	 0.9703015803623293;	 1.0;	 0.8356552788457812;	 (1.0)
60.0 ;	 0.3999999999999999;	 0.8563279530129584;	 0.9235109641498213;	 0.9703015803623293;	 1.0;	 0.8359149394923235;	 (1.0)
90.0 ;	 0.3999999999999999;	 0.8563279530129584;	 0.9235109641498213;	 0.9705157209910044;	 1.0;	 0.8359599332373028;	 (1.0)
120.0 ;	 0.3999999999999999;	 0.8563279530129584;	 0.9245600051730873;	 0.9707314249942902;	 1.0;	 0.8368686851346019;	 (1.0)
150.0 ;	 0.3999999999999999;	 0.8563279530129584;	 0.9245600051730873;	 0.9707314249942902;	 1.0;	 0.8368686851346019;	 (1.0)
180.0 ;	 0.3999999999999999;	 0.8563279530129584;	 0.9245600051730873;	 0.9707314249942902;	 1.0;	 0.8368686851346019;	 (1.0)
210.0 ;	 0.3999999999999999;	 0.8563279530129584;	 0.9245600051730873;	 0.9707314249942902;	 1.0;	 0.8368686851346019;	 (1.0)
240.0 ;	 0.3999999999999999;	 0.8563279530129584;	 0.9245600051730873;	 0.9707314249942902;	 1.0;	 0.8368686851346019;	 (1.0)
270.0 ;	 0.3999999999999999;	 0.8563279530129584;	 0.9245600051730873;	 0.9707314249942902;	 1.0;	 0.8368686851346019;	 (1.0)
300.0 ;	 0.3999999999999999;	 0.8563279530129584;	 0.9245600051730873;	 0.9708345789344799;	 1.0;	 0.8369426087822652;	 (1.0)
330.0 ;	 0.3999999999999999;	 0.8563279530129584;	 0.9245600051730873;	 0.9708345789344799;	 1.0;	 0.8369426087822652;	 (1.0)
360.0 ;	 0.3999999999999999;	 0.8563279530129584;	 0.9245600051730873;	 0.9707314249942902;	 1.0;	 0.8376163732925386;	 (1.0)
390.0 ;	 0.3999999999999999;	 0.8563279530129584;	 0.9248107839627017;	 0.9708345789344799;	 1.0;	 0.8377913824315684;	 (1.0)
420.0 ;	 0.3999999999999999;	 0.8563279530129584;	 0.9248107839627017;	 0.9708345789344799;	 1.0;	 0.8378205195375323;	 (1.0)
450.0 ;	 0.3999999999999999;	 0.8563279530129584;	 0.9248107839627017;	 0.9708345789344799;	 1.0;	 0.8378205196921894;	 (1.0)
480.0 ;	 0.3999999999999999;	 0.8563279530129584;	 0.9248107839627017;	 0.9708345789344799;	 1.0;	 0.8378205196921894;	 (1.0)
510.0 ;	 0.3999999999999999;	 0.8563279530129584;	 0.9248107839627017;	 0.9708345789344799;	 1.0;	 0.8378205196921894;	 (1.0)
540.0 ;	 0.3999999999999999;	 0.8563279530129584;	 0.9248107839627017;	 0.9708345789344799;	 1.0;	 0.8378205196921894;	 (1.0)
570.0 ;	 0.3999999999999999;	 0.8563279530129584;	 0.9248107839627017;	 0.9708345789344799;	 1.0;	 0.8378205196921894;	 (1.0)
600.0 ;	 0.3999999999999999;	 0.8563279530129584;	 0.9248107839627017;	 0.9708345789344799;	 1.0;	 0.8378205196921894;	 (1.0)
630.0 ;	 0.3999999999999999;	 0.8563279530129584;	 0.9248107839627017;	 0.9708345789344799;	 1.0;	 0.837859360223233;	 (1.0)
660.0 ;	 0.3999999999999999;	 0.8546496787222753;	 0.9245600051730873;	 0.9705157209910044;	 1.0;	 0.8378593602232336;	 (1.0)
690.0 ;	 0.3999999999999999;	 0.8546496787222753;	 0.9245600051730873;	 0.9705157209910044;	 1.0;	 0.8378593602232336;	 (1.0)
720.0 ;	 0.3999999999999999;	 0.8546496787222753;	 0.9245600051730873;	 0.9705157209910044;	 1.0;	 0.8378593602232336;	 (1.0)
750.0 ;	 0.3999999999999999;	 0.8546496787222753;	 0.9245600051730873;	 0.9705157209910044;	 1.0;	 0.8378593602232336;	 (1.0)
780.0 ;	 0.3999999999999999;	 0.8546496787222753;	 0.9245600051730873;	 0.9705157209910044;	 1.0;	 0.8378593602232336;	 (1.0)
810.0 ;	 0.3999999999999999;	 0.8546496787222753;	 0.9245600051730873;	 0.9705157209910044;	 1.0;	 0.8378593602232336;	 (1.0)
840.0 ;	 0.3999999999999999;	 0.8546496787222753;	 0.9245600051730873;	 0.9705157209910044;	 1.0;	 0.8378593602232336;	 (1.0)
870.0 ;	 0.3999999999999999;	 0.8546496787222753;	 0.9245600051730873;	 0.9705157209910044;	 1.0;	 0.8378593602232336;	 (1.0)
900.0 ;	 0.3999999999999999;	 0.8546496787222753;	 0.9245600051730873;	 0.9705157209910044;	 1.0;	 0.8378593602232336;	 (1.0)
930.0 ;	 0.3999999999999999;	 0.8546496787222753;	 0.9245600051730873;	 0.9705157209910044;	 1.0;	 0.8378593602232336;	 (1.0)
960.0 ;	 0.3999999999999999;	 0.8546496787222753;	 0.9245600051730873;	 0.9705157209910044;	 1.0;	 0.8378593602232336;	 (1.0)
990.0 ;	 0.3999999999999999;	 0.8546496787222753;	 0.9245600051730873;	 0.9705157209910044;	 1.0;	 0.8378593602232336;	 (1.0)
1020.0 ;	 0.3999999999999999;	 0.8546496787222753;	 0.9245600051730873;	 0.9705157209910044;	 1.0;	 0.8378593602232336;	 (1.0)
1050.0 ;	 0.3999999999999999;	 0.8546496787222753;	 0.9245600051730873;	 0.9705157209910044;	 1.0;	 0.8378593602232336;	 (1.0)
1080.0 ;	 0.3999999999999999;	 0.8546496787222753;	 0.9245600051730873;	 0.9705157209910044;	 1.0;	 0.8378593602232336;	 (1.0)
1110.0 ;	 0.3999999999999999;	 0.8546496787222753;	 0.9245600051730873;	 0.9705157209910044;	 1.0;	 0.8378593602232336;	 (1.0)
1140.0 ;	 0.3999999999999999;	 0.8546496787222753;	 0.9245600051730873;	 0.9705157209910044;	 1.0;	 0.8378593602232336;	 (1.0)
1170.0 ;	 0.3999999999999999;	 0.8546496787222753;	 0.9245600051730873;	 0.9705157209910044;	 1.0;	 0.8378593602232336;	 (1.0)
1200.0 ;	 0.3999999999999999;	 0.8546496787222753;	 0.9245600051730873;	 0.9705157209910044;	 1.0;	 0.8378593602232336;	 (1.0)
1230.0 ;	 0.3999999999999999;	 0.8546496787222753;	 0.9245600051730873;	 0.9705157209910044;	 1.0;	 0.8378593602232336;	 (1.0)
1260.0 ;	 0.3999999999999999;	 0.8546496787222753;	 0.9245600051730873;	 0.9705157209910044;	 1.0;	 0.8378593602232336;	 (1.0)
1290.0 ;	 0.3999999999999999;	 0.8546496787222753;	 0.9245600051730873;	 0.9705157209910044;	 1.0;	 0.8378593602232463;	 (1.0)
1320.0 ;	 0.3999999999999999;	 0.8546496787222753;	 0.9245600051730873;	 0.9705157209910044;	 1.0;	 0.8378754042557821;	 (1.0)
1350.0 ;	 0.3999999999999999;	 0.8546496787222753;	 0.9245600051730873;	 0.9705157209910044;	 1.0;	 0.8378756490854158;	 (1.0)
1380.0 ;	 0.3999999999999999;	 0.8546496787222753;	 0.9245600051730873;	 0.9705157209910044;	 1.0;	 0.8378756490855612;	 (1.0)
1410.0 ;	 0.3999999999999999;	 0.8546496787222753;	 0.9245600051730873;	 0.9705157209910044;	 1.0;	 0.8380450755123718;	 (1.0)
1440.0 ;	 0.3999999999999999;	 0.8546496787222753;	 0.9245600051730873;	 0.9705157209910044;	 1.0;	 0.838048209110356;	 (1.0)
1470.0 ;	 0.3999999999999999;	 0.8546496787222753;	 0.9245600051730873;	 0.9705157209910044;	 1.0;	 0.8380482091290788;	 (1.0)
1500.0 ;	 0.3999999999999999;	 0.8546496787222753;	 0.9245600051730873;	 0.9705157209910044;	 1.0;	 0.8380482091290788;	 (1.0)
1530.0 ;	 0.3999999999999999;	 0.8546496787222753;	 0.9245600051730873;	 0.9705157209910044;	 1.0;	 0.8380482091290841;	 (1.0)
1560.0 ;	 0.3999999999999999;	 0.8546496787222753;	 0.9245600051730873;	 0.9705157209910044;	 1.0;	 0.8380482091290841;	 (1.0)
1590.0 ;	 0.3999999999999999;	 0.8546496787222753;	 0.9245600051730873;	 0.9705157209910044;	 1.0;	 0.8380482091290841;	 (1.0)
1620.0 ;	 0.3999999999999999;	 0.8546496787222753;	 0.9245600051730873;	 0.9705157209910044;	 1.0;	 0.8380482091290846;	 (1.0)
1650.0 ;	 0.3999999999999999;	 0.8546496787222753;	 0.9245600051730873;	 0.9705157209910044;	 1.0;	 0.8380482091290846;	 (1.0)
1680.0 ;	 0.3999999999999999;	 0.8546496787222753;	 0.9245600051730873;	 0.9705157209910044;	 1.0;	 0.8380482091290847;	 (1.0)
1710.0 ;	 0.3999999999999999;	 0.8546496787222753;	 0.9245600051730873;	 0.9705157209910044;	 1.0;	 0.8380494132102004;	 (1.0)
1740.0 ;	 0.3999999999999999;	 0.8546496787222753;	 0.9245600051730873;	 0.9705157209910044;	 1.0;	 0.8380494132102004;	 (1.0)
1770.0 ;	 0.3999999999999999;	 0.8546496787222753;	 0.9245600051730873;	 0.9705157209910044;	 1.0;	 0.8380494132102004;	 (1.0)
1800.0 ;	 0.3999999999999999;	 0.8546496787222753;	 0.9245600051730873;	 0.9705157209910044;	 1.0;	 0.8380494132102004;	 (1.0)
1830.0 ;	 0.3999999999999999;	 0.8546496787222753;	 0.9245600051730873;	 0.9705157209910044;	 1.0;	 0.8380494134667057;	 (1.0)
1860.0 ;	 0.3999999999999999;	 0.8546496787222753;	 0.9245600051730873;	 0.9705157209910044;	 1.0;	 0.8380494134667057;	 (1.0)
1890.0 ;	 0.3999999999999999;	 0.8546496787222753;	 0.9245600051730873;	 0.9705157209910044;	 1.0;	 0.8380494134667057;	 (1.0)
1920.0 ;	 0.3999999999999999;	 0.8546496787222753;	 0.9245600051730873;	 0.9705157209910044;	 1.0;	 0.8380494134667057;	 (1.0)
1950.0 ;	 0.3999999999999999;	 0.8546496787222753;	 0.9245600051730873;	 0.9705157209910044;	 1.0;	 0.8380494134667057;	 (1.0)
1980.0 ;	 0.3999999999999999;	 0.8546496787222753;	 0.9245600051730873;	 0.9705157209910044;	 1.0;	 0.8380494134667057;	 (1.0)
2010.0 ;	 0.3999999999999999;	 0.8546496787222753;	 0.9245600051730873;	 0.9705157209910044;	 1.0;	 0.8380494134667057;	 (1.0)
2040.0 ;	 0.3999999999999999;	 0.8546496787222753;	 0.9245600051730873;	 0.9705157209910044;	 1.0;	 0.8380494134667057;	 (1.0)
2070.0 ;	 0.3999999999999999;	 0.8546496787222753;	 0.9245600051730873;	 0.9705157209910044;	 1.0;	 0.8380494134667057;	 (1.0)
2100.0 ;	 0.3999999999999999;	 0.8546496787222753;	 0.9245600051730873;	 0.9705157209910044;	 1.0;	 0.8380494134667057;	 (1.0)
2130.0 ;	 0.3999999999999999;	 0.8546496787222753;	 0.9245600051730873;	 0.9705157209910044;	 1.0;	 0.8380494134667057;	 (1.0)
2160.0 ;	 0.3999999999999999;	 0.8546496787222753;	 0.9245600051730873;	 0.9705157209910044;	 1.0;	 0.8380494134667057;	 (1.0)
2190.0 ;	 0.3999999999999999;	 0.8546496787222753;	 0.9245600051730873;	 0.9705157209910044;	 1.0;	 0.8380494134667057;	 (1.0)
2220.0 ;	 0.3999999999999999;	 0.8546496787222753;	 0.9245600051730873;	 0.9705157209910044;	 1.0;	 0.8380494134667057;	 (1.0)
2250.0 ;	 0.3999999999999999;	 0.8546496787222753;	 0.9245600051730873;	 0.9705157209910044;	 1.0;	 0.8380494134667057;	 (1.0)
2280.0 ;	 0.3999999999999999;	 0.8546496787222753;	 0.9245600051730873;	 0.9705157209910044;	 1.0;	 0.8380494134667057;	 (1.0)
2310.0 ;	 0.3999999999999999;	 0.8546496787222753;	 0.9245600051730873;	 0.9705157209910044;	 1.0;	 0.8380494134667057;	 (1.0)
2340.0 ;	 0.3999999999999999;	 0.8546496787222753;	 0.9245600051730873;	 0.9705157209910044;	 1.0;	 0.8380494134667057;	 (1.0)
2370.0 ;	 0.3999999999999999;	 0.8546496787222753;	 0.9245600051730873;	 0.9705157209910044;	 1.0;	 0.8380494134667057;	 (1.0)
2400.0 ;	 0.3999999999999999;	 0.8546496787222753;	 0.9245600051730873;	 0.9705157209910044;	 1.0;	 0.8380494135699608;	 (1.0)
2430.0 ;	 0.3999999999999999;	 0.8546496787222753;	 0.9245600051730873;	 0.9705157209910044;	 1.0;	 0.8380494135699608;	 (1.0)
2460.0 ;	 0.3999999999999999;	 0.8546496787222753;	 0.9245600051730873;	 0.9705157209910044;	 1.0;	 0.8380494135699608;	 (1.0)
2490.0 ;	 0.3999999999999999;	 0.8546496787222753;	 0.9245600051730873;	 0.9705157209910044;	 1.0;	 0.8380494135699608;	 (1.0)
2520.0 ;	 0.3999999999999999;	 0.8546496787222753;	 0.9245600051730873;	 0.9705157209910044;	 1.0;	 0.8380494135699608;	 (1.0)
2550.0 ;	 0.3999999999999999;	 0.8546496787222753;	 0.9245600051730873;	 0.9705157209910044;	 1.0;	 0.8380494135699608;	 (1.0)
2580.0 ;	 0.3999999999999999;	 0.8546496787222753;	 0.9245600051730873;	 0.9705157209910044;	 1.0;	 0.8380494135699608;	 (1.0)
2610.0 ;	 0.3999999999999999;	 0.8546496787222753;	 0.9245600051730873;	 0.9705157209910044;	 1.0;	 0.8380494135699608;	 (1.0)
2640.0 ;	 0.3999999999999999;	 0.8546496787222753;	 0.9245600051730873;	 0.9705157209910044;	 1.0;	 0.8380494135699608;	 (1.0)
2670.0 ;	 0.3999999999999999;	 0.8546496787222753;	 0.9245600051730873;	 0.9705157209910044;	 1.0;	 0.838517813027423;	 (1.7033333333333334)
2700.0 ;	 0.3999999999999999;	 0.8546496787222753;	 0.9245600051730873;	 0.9705157209910044;	 1.0;	 0.8380494135699608;	 (1.0)


t (seconds);	 survie : moyenne ponderee des (wi, mort/vivant) ;	 percent of agent aggregated=
0.0 ;	 1.0;	 (2.0)
30.0 ;	 1.0;	 (1.0)
60.0 ;	 1.0;	 (1.0)
90.0 ;	 1.0;	 (1.0)
120.0 ;	 1.0;	 (1.0)
150.0 ;	 1.0;	 (1.0)
180.0 ;	 1.0;	 (1.0)
210.0 ;	 1.0;	 (1.0)
240.0 ;	 1.0;	 (1.0)
270.0 ;	 1.0;	 (1.0)
300.0 ;	 1.0;	 (1.0)
330.0 ;	 1.0;	 (1.0)
360.0 ;	 1.0;	 (1.0)
390.0 ;	 1.0;	 (1.0)
420.0 ;	 1.0;	 (1.0)
450.0 ;	 1.0;	 (1.0)
480.0 ;	 1.0;	 (1.0)
510.0 ;	 1.0;	 (1.0)
540.0 ;	 1.0;	 (1.0)
570.0 ;	 1.0;	 (1.0)
600.0 ;	 1.0;	 (1.0)
630.0 ;	 1.0;	 (1.0)
660.0 ;	 1.0;	 (1.0)
690.0 ;	 1.0;	 (1.0)
720.0 ;	 1.0;	 (1.0)
750.0 ;	 1.0;	 (1.0)
780.0 ;	 1.0;	 (1.0)
810.0 ;	 1.0;	 (1.0)
840.0 ;	 1.0;	 (1.0)
870.0 ;	 1.0;	 (1.0)
900.0 ;	 1.0;	 (1.0)
930.0 ;	 1.0;	 (1.0)
960.0 ;	 1.0;	 (1.0)
990.0 ;	 1.0;	 (1.0)
1020.0 ;	 1.0;	 (1.0)
1050.0 ;	 1.0;	 (1.0)
1080.0 ;	 1.0;	 (1.0)
1110.0 ;	 1.0;	 (1.0)
1140.0 ;	 1.0;	 (1.0)
1170.0 ;	 1.0;	 (1.0)
1200.0 ;	 1.0;	 (1.0)
1230.0 ;	 1.0;	 (1.0)
1260.0 ;	 1.0;	 (1.0)
1290.0 ;	 1.0;	 (1.0)
1320.0 ;	 1.0;	 (1.0)
1350.0 ;	 1.0;	 (1.0)
1380.0 ;	 1.0;	 (1.0)
1410.0 ;	 1.0;	 (1.0)
1440.0 ;	 1.0;	 (1.0)
1470.0 ;	 1.0;	 (1.0)
1500.0 ;	 1.0;	 (1.0)
1530.0 ;	 1.0;	 (1.0)
1560.0 ;	 1.0;	 (1.0)
1590.0 ;	 1.0;	 (1.0)
1620.0 ;	 1.0;	 (1.0)
1650.0 ;	 1.0;	 (1.0)
1680.0 ;	 1.0;	 (1.0)
1710.0 ;	 1.0;	 (1.0)
1740.0 ;	 1.0;	 (1.0)
1770.0 ;	 1.0;	 (1.0)
1800.0 ;	 1.0;	 (1.0)
1830.0 ;	 1.0;	 (1.0)
1860.0 ;	 1.0;	 (1.0)
1890.0 ;	 1.0;	 (1.0)
1920.0 ;	 1.0;	 (1.0)
1950.0 ;	 1.0;	 (1.0)
1980.0 ;	 1.0;	 (1.0)
2010.0 ;	 1.0;	 (1.0)
2040.0 ;	 1.0;	 (1.0)
2070.0 ;	 1.0;	 (1.0)
2100.0 ;	 1.0;	 (1.0)
2130.0 ;	 1.0;	 (1.0)
2160.0 ;	 1.0;	 (1.0)
2190.0 ;	 1.0;	 (1.0)
2220.0 ;	 1.0;	 (1.0)
2250.0 ;	 1.0;	 (1.0)
2280.0 ;	 1.0;	 (1.0)
2310.0 ;	 1.0;	 (1.0)
2340.0 ;	 1.0;	 (1.0)
2370.0 ;	 1.0;	 (1.0)
2400.0 ;	 1.0;	 (1.0)
2430.0 ;	 1.0;	 (1.0)
2460.0 ;	 1.0;	 (1.0)
2490.0 ;	 1.0;	 (1.0)
2520.0 ;	 1.0;	 (1.0)
2550.0 ;	 1.0;	 (1.0)
2580.0 ;	 1.0;	 (1.0)
2610.0 ;	 1.0;	 (1.0)
2640.0 ;	 1.0;	 (1.0)
2670.0 ;	 1.0;	 (1.7033333333333334)
2700.0 ;	 1.0;	 (1.0)


First Replication Time min;	 First Replication Time firstTercile;	 First Replication Time  mediane;	  First Replication Time lastTercile;	 First Replication Time  max ;	 First Replication Time prod ;	 First Replication Time mean ;	 percent of agent aggregated=
7644.0;	 449033.0;	 1321278.0;	 1421587.0;	 2466990.0;	 1.0;	 951972.4666666667;	 1.0


Time Since Last Action min;	 Time Since Last Action firstTercile;	 Time Since Last Action  mediane;	  Time Since Last Action lastTercile;	 Time Since Last Action  max ;	 Time Since Last Action prod ;	 Time Since Last Action mean ;	 percent of agent aggregated=
7644.0;	 449033.0;	 1321278.0;	 1421587.0;	 2466990.0;	 1.0;	 951972.4666666667;	 1.0


State Modif number min;	 State Modif number firstTercile;	 State Modif number  mediane;	  State Modif number lastTercile;	 State Modif number  max ;	 State Modif number prod ;	 State Modif number mean ;	 percent of agent aggregated=
1.0;	 5.0;	 7.0;	 9.0;	 12.0;	 1.0;	 5.594444444444444;	 1.0


t (seconds);	 charge min;	 charge firstTercile;	 charge  mediane;	  charge lastTercile;	 charge  max ;	 charge mean ;	 percent of agent aggregated=
0.0 ;	 0.0;	 0.7660719160976351;	 0.9358434083292375;	 0.9763563379153766;	 0.999895627904224;	 0.7826882584355134;	 (1.9444444444444444)
30.0 ;	 0.9099596585532789;	 0.9826413823849046;	 0.9871550373700444;	 0.993654968822575;	 0.999895627904224;	 0.9832783488561901;	 (0.9555555555555556)
60.0 ;	 0.9099596585532789;	 0.9827326648214731;	 0.987394660780493;	 0.9940019219462934;	 0.999895627904224;	 0.9832151610633276;	 (0.9666666666666667)
90.0 ;	 0.9099596585532789;	 0.9833054433160797;	 0.9890362502643408;	 0.9943026197498185;	 0.999895627904224;	 0.9840697253641083;	 (0.9666666666666667)
120.0 ;	 0.9283160409937791;	 0.984988425177528;	 0.9912999435253145;	 0.9950193251011663;	 0.9999398418595451;	 0.9873208487480606;	 (0.9666666666666667)
150.0 ;	 0.9283160409937791;	 0.984988425177528;	 0.9912999435253145;	 0.9950193251011663;	 0.9999398418595451;	 0.9873208487480606;	 (0.9666666666666667)
180.0 ;	 0.9283160409937791;	 0.984988425177528;	 0.9912999435253145;	 0.9950193251011663;	 0.9999398418595451;	 0.9873208487480606;	 (0.9666666666666667)
210.0 ;	 0.9283160409937791;	 0.984988425177528;	 0.9912999435253145;	 0.9950193251011663;	 0.9999398418595451;	 0.9873208487480606;	 (0.9666666666666667)
240.0 ;	 0.9283160409937791;	 0.984988425177528;	 0.9912999435253145;	 0.9950193251011663;	 0.9999398418595451;	 0.9873762146741166;	 (0.9722222222222222)
270.0 ;	 0.9283160409937791;	 0.984988425177528;	 0.9912999435253145;	 0.9950193251011663;	 0.9999398418595451;	 0.9873762146741166;	 (0.9722222222222222)
300.0 ;	 0.9208452666031639;	 0.9850337639715565;	 0.9914826832454906;	 0.9951881694732665;	 0.9999638223542063;	 0.987278466765563;	 (0.9833333333333333)
330.0 ;	 0.9208452666031639;	 0.9850337639715565;	 0.9917832878916458;	 0.9951881694732665;	 0.9999638223542063;	 0.9874422104183861;	 (0.9777777777777777)
360.0 ;	 0.9208452666031639;	 0.9852536193565328;	 0.9917981108703063;	 0.9951881694732665;	 0.9999638223542063;	 0.9875147935323837;	 (0.9888888888888889)
390.0 ;	 0.9283160409937791;	 0.9853939081185715;	 0.9919003436084838;	 0.9953398343573537;	 0.9999638223542063;	 0.9879172187623901;	 (0.9888888888888889)
420.0 ;	 0.9428276258557801;	 0.9874233961815345;	 0.9929677258229989;	 0.9961893016285699;	 0.9999638223542063;	 0.9891254263983378;	 (0.9888888888888889)
450.0 ;	 0.9428276258557801;	 0.9872675830231378;	 0.9928598831145948;	 0.9961893016285699;	 0.9999638223542063;	 0.9889374984714462;	 (0.9944444444444445)
480.0 ;	 0.9428276258557801;	 0.9874233961815345;	 0.9929677258229989;	 0.9961893016285699;	 0.9999638223542063;	 0.989138747314157;	 (0.9888888888888889)
510.0 ;	 0.9428276258557801;	 0.9874233961815345;	 0.9929677258229989;	 0.9961893016285699;	 0.9999638223542063;	 0.989138747314157;	 (0.9888888888888889)
540.0 ;	 0.9428276258557801;	 0.9874233961815345;	 0.9929677258229989;	 0.9961893016285699;	 0.9999638223542063;	 0.989138747314157;	 (0.9888888888888889)
570.0 ;	 0.9428276258557801;	 0.9874233961815345;	 0.9929677258229989;	 0.9961893016285699;	 0.9999638223542063;	 0.989138747314157;	 (0.9888888888888889)
600.0 ;	 0.9428276258557801;	 0.9872675830231378;	 0.9928598831145948;	 0.9961893016285699;	 0.9999638223542063;	 0.9889374984714462;	 (0.9944444444444445)
630.0 ;	 0.9428276258557801;	 0.9879368667785818;	 0.9936934298700957;	 0.9965362102706754;	 0.9999638223542063;	 0.9895724223714;	 (0.9944444444444445)
660.0 ;	 0.9431795748514031;	 0.9902081145768491;	 0.9940424328768176;	 0.9969020924589217;	 0.9999638223542063;	 0.9907422182469321;	 (0.9944444444444445)
690.0 ;	 0.9431795748514031;	 0.9902081145768491;	 0.9940424328768176;	 0.9969020924589217;	 0.9999638223542063;	 0.9907422182469321;	 (0.9944444444444445)
720.0 ;	 0.9431795748514031;	 0.9902081145768491;	 0.9940424328768176;	 0.9969020924589217;	 0.9999638223542063;	 0.9907422182469321;	 (0.9944444444444445)
750.0 ;	 0.9431795748514031;	 0.9902081145768491;	 0.9940424328768176;	 0.9969020924589217;	 0.9999638223542063;	 0.9907422182469321;	 (0.9944444444444445)
780.0 ;	 0.9431795748514031;	 0.9902081145768491;	 0.9940424328768176;	 0.9969020924589217;	 0.9999638223542063;	 0.9907067623409406;	 (1.0)
810.0 ;	 0.9431795748514031;	 0.9902081145768491;	 0.9940424328768176;	 0.9969020924589217;	 0.9999638223542063;	 0.9907422182469321;	 (0.9944444444444445)
840.0 ;	 0.9431795748514031;	 0.9902081145768491;	 0.9940424328768176;	 0.9969020924589217;	 0.9999638223542063;	 0.9907422182469321;	 (0.9944444444444445)
870.0 ;	 0.9431795748514031;	 0.9902081145768491;	 0.9940424328768176;	 0.9969020924589217;	 0.9999638223542063;	 0.9907422182469321;	 (0.9944444444444445)
900.0 ;	 0.9431795748514031;	 0.9902081145768491;	 0.9940424328768176;	 0.9969020924589217;	 0.9999638223542063;	 0.9907422182469321;	 (0.9944444444444445)
930.0 ;	 0.9431795748514031;	 0.9902081145768491;	 0.9940424328768176;	 0.9969020924589217;	 0.9999638223542063;	 0.9907422182469321;	 (0.9944444444444445)
960.0 ;	 0.9431795748514031;	 0.9902081145768491;	 0.9940424328768176;	 0.9969020924589217;	 0.9999638223542063;	 0.9907422182469321;	 (0.9944444444444445)
990.0 ;	 0.9431795748514031;	 0.9902081145768491;	 0.9940424328768176;	 0.9969020924589217;	 0.9999638223542063;	 0.9907422182469321;	 (0.9944444444444445)
1020.0 ;	 0.9431795748514031;	 0.9902081145768491;	 0.9940424328768176;	 0.9969020924589217;	 0.9999638223542063;	 0.9907422182469321;	 (0.9944444444444445)
1050.0 ;	 0.9431795748514031;	 0.9902081145768491;	 0.9940424328768176;	 0.9969020924589217;	 0.9999638223542063;	 0.9907422182469321;	 (0.9944444444444445)
1080.0 ;	 0.9431795748514031;	 0.9902081145768491;	 0.9940424328768176;	 0.9969020924589217;	 0.9999638223542063;	 0.9907422182469321;	 (0.9944444444444445)
1110.0 ;	 0.9431795748514031;	 0.9902081145768491;	 0.9940424328768176;	 0.9969020924589217;	 0.9999638223542063;	 0.9907422182469321;	 (0.9944444444444445)
1140.0 ;	 0.9431795748514031;	 0.9902081145768491;	 0.9940424328768176;	 0.9969020924589217;	 0.9999638223542063;	 0.9907422182469321;	 (0.9944444444444445)
1170.0 ;	 0.9431795748514031;	 0.9902081145768491;	 0.9940424328768176;	 0.9969020924589217;	 0.9999638223542063;	 0.9907422182469321;	 (0.9944444444444445)
1200.0 ;	 0.9431795748514031;	 0.9902081145768491;	 0.9940424328768176;	 0.9969020924589217;	 0.9999638223542063;	 0.9907422182469321;	 (0.9944444444444445)
1230.0 ;	 0.9431795748514031;	 0.9902081145768491;	 0.9940424328768176;	 0.9969020924589217;	 0.9999638223542063;	 0.9907422182469321;	 (0.9944444444444445)
1260.0 ;	 0.9431795748514031;	 0.9902081145768491;	 0.9940424328768176;	 0.9969020924589217;	 0.9999638223542063;	 0.9907422182469321;	 (0.9944444444444445)
1290.0 ;	 0.9431795748514031;	 0.9902081145768491;	 0.9940424328768176;	 0.9969113981512723;	 0.9999638223542063;	 0.9907217975961975;	 (1.0)
1320.0 ;	 0.9431795748514031;	 0.9905298928601807;	 0.9941249377837643;	 0.9969129721637843;	 0.9999638223542063;	 0.9911291063645241;	 (1.0)
1350.0 ;	 0.9431795748514031;	 0.9907920442807325;	 0.994260397887293;	 0.9969129721637843;	 0.9999638223542063;	 0.9913756105555044;	 (1.0)
1380.0 ;	 0.9431795748514031;	 0.9909835616434755;	 0.994260397887293;	 0.9969129721637843;	 0.9999638223542063;	 0.9915192186225776;	 (1.0)
1410.0 ;	 0.9431795748514031;	 0.9910252605402099;	 0.9944375609441444;	 0.9969129721637843;	 0.9999638223542063;	 0.9916762124840965;	 (1.0)
1440.0 ;	 0.9431795748514031;	 0.9910645802902806;	 0.9945841938150277;	 0.9970227095784778;	 0.9999638223542063;	 0.9918096940789791;	 (1.0)
1470.0 ;	 0.9650620708896493;	 0.9910645802902806;	 0.9946301771818516;	 0.9970227095784778;	 0.9999638223542063;	 0.9920625229071143;	 (1.0)
1500.0 ;	 0.9650620708896493;	 0.9911334973198372;	 0.9946717196493071;	 0.9970390539253706;	 0.9999638223542063;	 0.9921224219688658;	 (1.0)
1530.0 ;	 0.9658274204672025;	 0.9913112815297255;	 0.9947362232954753;	 0.9970390539253706;	 0.9999638223542063;	 0.9923402288501766;	 (1.0)
1560.0 ;	 0.9658274204672025;	 0.9914826832454906;	 0.9947731893062285;	 0.9972319088553587;	 0.9999821914819634;	 0.992408120155389;	 (1.0)
1590.0 ;	 0.9658274204672025;	 0.9914826832454906;	 0.9947731893062285;	 0.9972319088553587;	 0.9999821914819634;	 0.992408120155389;	 (1.0)
1620.0 ;	 0.9658274204672025;	 0.9914826832454906;	 0.9947731893062285;	 0.9972319088553587;	 0.9999821914819634;	 0.9924419585953124;	 (1.0)
1650.0 ;	 0.9658274204672025;	 0.9914826832454906;	 0.9947731893062285;	 0.9972319088553587;	 0.9999821914819634;	 0.9924419585953124;	 (1.0)
1680.0 ;	 0.9658274204672025;	 0.9918452874689229;	 0.9949095006262277;	 0.9972858811204954;	 0.9999821914819634;	 0.9925433758556754;	 (1.0)
1710.0 ;	 0.9658274204672025;	 0.9918452874689229;	 0.9949095006262277;	 0.9972858811204954;	 0.9999821914819634;	 0.9925485216502954;	 (1.0)
1740.0 ;	 0.9658274204672025;	 0.9918452874689229;	 0.9949724720822707;	 0.9972858811204954;	 0.9999821914819634;	 0.9925594509961169;	 (1.0)
1770.0 ;	 0.9658274204672025;	 0.9918452874689229;	 0.9949724720822707;	 0.9972858811204954;	 0.9999821914819634;	 0.9925610206642198;	 (1.0)
1800.0 ;	 0.9658274204672025;	 0.9918452874689229;	 0.9949724720822707;	 0.9972858811204954;	 0.9999821914819634;	 0.9925624879328601;	 (1.0)
1830.0 ;	 0.9658274204672025;	 0.991857640465865;	 0.9951544283676449;	 0.9972858811204954;	 0.9999821914819634;	 0.9926527969278167;	 (1.0)
1860.0 ;	 0.9661501413192574;	 0.991857640465865;	 0.9951544283676449;	 0.9972858811204954;	 0.9999821914819634;	 0.9926545898214394;	 (1.0)
1890.0 ;	 0.9661501413192574;	 0.991857640465865;	 0.9951544283676449;	 0.9972858811204954;	 0.9999821914819634;	 0.9926559861719522;	 (1.0)
1920.0 ;	 0.9661501413192574;	 0.991857640465865;	 0.9951544283676449;	 0.9972858811204954;	 0.9999821914819634;	 0.9926559861719522;	 (1.0)
1950.0 ;	 0.9661501413192574;	 0.991857640465865;	 0.9951544283676449;	 0.9972858811204954;	 0.9999821914819634;	 0.9926559861719522;	 (1.0)
1980.0 ;	 0.9661501413192574;	 0.991857640465865;	 0.9951544283676449;	 0.9972858811204954;	 0.9999821914819634;	 0.9926559861719522;	 (1.0)
2010.0 ;	 0.9661501413192574;	 0.991857640465865;	 0.9951544283676449;	 0.9972858811204954;	 0.9999821914819634;	 0.9926559861719522;	 (1.0)
2040.0 ;	 0.9661501413192574;	 0.991857640465865;	 0.9951544283676449;	 0.9972858811204954;	 0.9999821914819634;	 0.9926559861719522;	 (1.0)
2070.0 ;	 0.9661501413192574;	 0.991857640465865;	 0.9951544283676449;	 0.9972858811204954;	 0.9999821914819634;	 0.9926559861719522;	 (1.0)
2100.0 ;	 0.9661501413192574;	 0.991857640465865;	 0.9951555985995749;	 0.9972897677109447;	 0.9999821914819634;	 0.9926800349924412;	 (1.0)
2130.0 ;	 0.9661501413192574;	 0.9918630221764699;	 0.9951881694732665;	 0.9972897677109447;	 0.9999821914819634;	 0.9927108628597306;	 (1.0)
2160.0 ;	 0.9661501413192574;	 0.9918630221764699;	 0.9951881694732665;	 0.9972897677109447;	 0.9999821914819634;	 0.9927108628597306;	 (1.0)
2190.0 ;	 0.9661501413192574;	 0.9918630221764699;	 0.9951881694732665;	 0.9972897677109447;	 0.9999821914819634;	 0.9927108628597306;	 (1.0)
2220.0 ;	 0.9661501413192574;	 0.9918630221764699;	 0.9951881694732665;	 0.9972897677109447;	 0.9999821914819634;	 0.9927108628597306;	 (1.0)
2250.0 ;	 0.9661501413192574;	 0.9918630221764699;	 0.9951881694732665;	 0.9972897677109447;	 0.9999821914819634;	 0.9927108628597306;	 (1.0)
2280.0 ;	 0.9661501413192574;	 0.9918630221764699;	 0.9951881694732665;	 0.9972897677109447;	 0.9999821914819634;	 0.9927108628597306;	 (1.0)
2310.0 ;	 0.9661501413192574;	 0.9918630221764699;	 0.9951946383626122;	 0.9973121071987084;	 0.9999821914819634;	 0.9927367679821055;	 (1.0)
2340.0 ;	 0.9661501413192574;	 0.9918630221764699;	 0.9951946383626122;	 0.9973121071987084;	 0.9999821914819634;	 0.9927367679821055;	 (1.0)
2370.0 ;	 0.9661501413192574;	 0.9918630221764699;	 0.9951946383626122;	 0.9973121071987084;	 0.9999821914819634;	 0.9927367679821055;	 (1.0)
2400.0 ;	 0.9661501413192574;	 0.9918630221764699;	 0.9954031439419703;	 0.9973296012330806;	 0.9999821914819634;	 0.9927673780110138;	 (1.0)
2430.0 ;	 0.9661501413192574;	 0.9918630221764699;	 0.9954031439419703;	 0.9973296012330806;	 0.9999821914819634;	 0.9927673780110138;	 (1.0)
2460.0 ;	 0.9661501413192574;	 0.9918630221764699;	 0.9954031439419703;	 0.9973669683657715;	 0.9999821914819634;	 0.9927809200635497;	 (1.0)
2490.0 ;	 0.9661501413192574;	 0.9918630221764699;	 0.9954031439419703;	 0.9973669683657715;	 0.9999821914819634;	 0.9927809200635497;	 (1.0)
2520.0 ;	 0.9661501413192574;	 0.9918630221764699;	 0.9954031439419703;	 0.9973669683657715;	 0.9999821914819634;	 0.9927809200635497;	 (1.0)
2550.0 ;	 0.9661501413192574;	 0.9918630221764699;	 0.9954031439419703;	 0.9973669683657715;	 0.9999821914819634;	 0.9927809200635497;	 (1.0)
2580.0 ;	 0.9661501413192574;	 0.9918630221764699;	 0.9954031439419703;	 0.9973669683657715;	 0.9999821914819634;	 0.9927809200635497;	 (1.0)
2610.0 ;	 0.9661501413192574;	 0.9918630221764699;	 0.9954031439419703;	 0.9973669683657715;	 0.9999821914819634;	 0.9927809200635497;	 (1.0)
2640.0 ;	 0.9661501413192574;	 0.9918630221764699;	 0.9954031439419703;	 0.9973669683657715;	 0.9999821914819634;	 0.9927809200635497;	 (1.0)
2670.0 ;	 0.9661501413192574;	 0.9918630221764699;	 0.9954031439419703;	 0.9973669683657715;	 0.9999821914819634;	 0.9928212929007163;	 (1.1555555555555554)
2700.0 ;	 0.9661501413192574;	 0.9918630221764699;	 0.9954031439419703;	 0.9973669683657715;	 0.9999821914819634;	 0.9927809200635497;	 (1.0)


t (seconds);	 agentSaturation min;	 agentSaturation firstTercile;	 agentSaturation  mediane;	  agentSaturation lastTercile;	 agentSaturation  max ;	 agentSaturation mean ;	 percent of agent aggregated=
0.0 ;	 0.005555555555555556;	 0.027777777777777776;	 0.044444444444444446;	 0.05555555555555555;	 0.15555555555555556;	 0.008592592592592716;	 (2.0)
30.0 ;	 0.005555555555555556;	 0.03333333333333333;	 0.044444444444444446;	 0.06666666666666667;	 0.15555555555555556;	 0.011925925925925892;	 (1.0)
60.0 ;	 0.005555555555555556;	 0.03333333333333333;	 0.05;	 0.06666666666666667;	 0.15555555555555556;	 0.012101851851851819;	 (1.0)
90.0 ;	 0.005555555555555556;	 0.03333333333333333;	 0.05;	 0.07777777777777778;	 0.15555555555555556;	 0.012268518518518486;	 (1.0)
120.0 ;	 0.005555555555555556;	 0.03333333333333333;	 0.05;	 0.07777777777777778;	 0.21666666666666667;	 0.012583333333333299;	 (1.0)
150.0 ;	 0.005555555555555556;	 0.03333333333333333;	 0.05;	 0.07777777777777778;	 0.21666666666666667;	 0.012583333333333299;	 (1.0)
180.0 ;	 0.005555555555555556;	 0.03333333333333333;	 0.05;	 0.07777777777777778;	 0.21666666666666667;	 0.012583333333333299;	 (1.0)
210.0 ;	 0.005555555555555556;	 0.03333333333333333;	 0.05;	 0.07777777777777778;	 0.21666666666666667;	 0.012583333333333299;	 (1.0)
240.0 ;	 0.005555555555555556;	 0.03333333333333333;	 0.05;	 0.07777777777777778;	 0.21666666666666667;	 0.012583333333333299;	 (1.0)
270.0 ;	 0.005555555555555556;	 0.03333333333333333;	 0.05;	 0.07777777777777778;	 0.21666666666666667;	 0.012583333333333299;	 (1.0)
300.0 ;	 0.005555555555555556;	 0.03888888888888889;	 0.05555555555555555;	 0.07777777777777778;	 0.21666666666666667;	 0.01281481481481478;	 (1.0)
330.0 ;	 0.005555555555555556;	 0.03888888888888889;	 0.05555555555555555;	 0.07777777777777778;	 0.21666666666666667;	 0.01281481481481478;	 (1.0)
360.0 ;	 0.005555555555555556;	 0.03888888888888889;	 0.05555555555555555;	 0.07222222222222222;	 0.25555555555555554;	 0.01293518518518515;	 (1.0)
390.0 ;	 0.005555555555555556;	 0.03888888888888889;	 0.06111111111111111;	 0.07777777777777778;	 0.25555555555555554;	 0.013037037037037003;	 (1.0)
420.0 ;	 0.005555555555555556;	 0.03888888888888889;	 0.05555555555555555;	 0.07777777777777778;	 0.3;	 0.013268518518518485;	 (1.0)
450.0 ;	 0.005555555555555556;	 0.03888888888888889;	 0.05555555555555555;	 0.07777777777777778;	 0.3;	 0.013287037037037003;	 (1.0)
480.0 ;	 0.005555555555555556;	 0.03888888888888889;	 0.05555555555555555;	 0.07777777777777778;	 0.3;	 0.013287037037037003;	 (1.0)
510.0 ;	 0.005555555555555556;	 0.03888888888888889;	 0.05555555555555555;	 0.07777777777777778;	 0.3;	 0.013287037037037003;	 (1.0)
540.0 ;	 0.005555555555555556;	 0.03888888888888889;	 0.05555555555555555;	 0.07777777777777778;	 0.3;	 0.013287037037037003;	 (1.0)
570.0 ;	 0.005555555555555556;	 0.03888888888888889;	 0.05555555555555555;	 0.07777777777777778;	 0.3;	 0.013287037037037003;	 (1.0)
600.0 ;	 0.005555555555555556;	 0.03888888888888889;	 0.05555555555555555;	 0.07777777777777778;	 0.3;	 0.013287037037037003;	 (1.0)
630.0 ;	 0.005555555555555556;	 0.03888888888888889;	 0.06111111111111111;	 0.08333333333333333;	 0.34444444444444444;	 0.013574074074074046;	 (1.0)
660.0 ;	 0.005555555555555556;	 0.044444444444444446;	 0.06111111111111111;	 0.1;	 0.34444444444444444;	 0.013777777777777762;	 (1.0)
690.0 ;	 0.005555555555555556;	 0.044444444444444446;	 0.06111111111111111;	 0.1;	 0.34444444444444444;	 0.013777777777777762;	 (1.0)
720.0 ;	 0.005555555555555556;	 0.044444444444444446;	 0.06111111111111111;	 0.1;	 0.34444444444444444;	 0.013777777777777762;	 (1.0)
750.0 ;	 0.005555555555555556;	 0.044444444444444446;	 0.06111111111111111;	 0.1;	 0.34444444444444444;	 0.013777777777777762;	 (1.0)
780.0 ;	 0.005555555555555556;	 0.044444444444444446;	 0.06111111111111111;	 0.1;	 0.34444444444444444;	 0.013777777777777762;	 (1.0)
810.0 ;	 0.005555555555555556;	 0.044444444444444446;	 0.06111111111111111;	 0.1;	 0.34444444444444444;	 0.013777777777777762;	 (1.0)
840.0 ;	 0.005555555555555556;	 0.044444444444444446;	 0.06111111111111111;	 0.1;	 0.34444444444444444;	 0.013777777777777762;	 (1.0)
870.0 ;	 0.005555555555555556;	 0.044444444444444446;	 0.06111111111111111;	 0.1;	 0.34444444444444444;	 0.013777777777777762;	 (1.0)
900.0 ;	 0.005555555555555556;	 0.044444444444444446;	 0.06111111111111111;	 0.1;	 0.34444444444444444;	 0.013777777777777762;	 (1.0)
930.0 ;	 0.005555555555555556;	 0.044444444444444446;	 0.06111111111111111;	 0.1;	 0.34444444444444444;	 0.013777777777777762;	 (1.0)
960.0 ;	 0.005555555555555556;	 0.044444444444444446;	 0.06111111111111111;	 0.1;	 0.34444444444444444;	 0.013777777777777762;	 (1.0)
990.0 ;	 0.005555555555555556;	 0.044444444444444446;	 0.06111111111111111;	 0.1;	 0.34444444444444444;	 0.013777777777777762;	 (1.0)
1020.0 ;	 0.005555555555555556;	 0.044444444444444446;	 0.06111111111111111;	 0.1;	 0.34444444444444444;	 0.013777777777777762;	 (1.0)
1050.0 ;	 0.005555555555555556;	 0.044444444444444446;	 0.06111111111111111;	 0.1;	 0.34444444444444444;	 0.013777777777777762;	 (1.0)
1080.0 ;	 0.005555555555555556;	 0.044444444444444446;	 0.06111111111111111;	 0.1;	 0.34444444444444444;	 0.013777777777777762;	 (1.0)
1110.0 ;	 0.005555555555555556;	 0.044444444444444446;	 0.06111111111111111;	 0.1;	 0.34444444444444444;	 0.013777777777777762;	 (1.0)
1140.0 ;	 0.005555555555555556;	 0.044444444444444446;	 0.06111111111111111;	 0.1;	 0.34444444444444444;	 0.013777777777777762;	 (1.0)
1170.0 ;	 0.005555555555555556;	 0.044444444444444446;	 0.06111111111111111;	 0.1;	 0.34444444444444444;	 0.013777777777777762;	 (1.0)
1200.0 ;	 0.005555555555555556;	 0.044444444444444446;	 0.06111111111111111;	 0.1;	 0.34444444444444444;	 0.013777777777777762;	 (1.0)
1230.0 ;	 0.005555555555555556;	 0.044444444444444446;	 0.06111111111111111;	 0.1;	 0.34444444444444444;	 0.013777777777777762;	 (1.0)
1260.0 ;	 0.005555555555555556;	 0.044444444444444446;	 0.06111111111111111;	 0.1;	 0.34444444444444444;	 0.013777777777777762;	 (1.0)
1290.0 ;	 0.005555555555555556;	 0.044444444444444446;	 0.06111111111111111;	 0.1;	 0.34444444444444444;	 0.01378703703703702;	 (1.0)
1320.0 ;	 0.005555555555555556;	 0.044444444444444446;	 0.06111111111111111;	 0.1;	 0.4;	 0.013944444444444436;	 (1.0)
1350.0 ;	 0.005555555555555556;	 0.044444444444444446;	 0.06666666666666667;	 0.08333333333333333;	 0.4111111111111111;	 0.013999999999999995;	 (1.0)
1380.0 ;	 0.005555555555555556;	 0.03888888888888889;	 0.06666666666666667;	 0.1;	 0.4444444444444444;	 0.014101851851851853;	 (1.0)
1410.0 ;	 0.005555555555555556;	 0.044444444444444446;	 0.06666666666666667;	 0.1;	 0.4666666666666667;	 0.01416666666666667;	 (1.0)
1440.0 ;	 0.005555555555555556;	 0.044444444444444446;	 0.06666666666666667;	 0.1;	 0.5055555555555555;	 0.014240740740740747;	 (1.0)
1470.0 ;	 0.005555555555555556;	 0.044444444444444446;	 0.06666666666666667;	 0.1;	 0.5333333333333333;	 0.014296296296296302;	 (1.0)
1500.0 ;	 0.005555555555555556;	 0.044444444444444446;	 0.06666666666666667;	 0.1;	 0.5611111111111111;	 0.0143425925925926;	 (1.0)
1530.0 ;	 0.005555555555555556;	 0.044444444444444446;	 0.07777777777777778;	 0.09444444444444444;	 0.5777777777777777;	 0.014388888888888897;	 (1.0)
1560.0 ;	 0.005555555555555556;	 0.044444444444444446;	 0.07777777777777778;	 0.09444444444444444;	 0.6111111111111112;	 0.014444444444444456;	 (1.0)
1590.0 ;	 0.005555555555555556;	 0.044444444444444446;	 0.07777777777777778;	 0.09444444444444444;	 0.6222222222222222;	 0.014462962962962974;	 (1.0)
1620.0 ;	 0.005555555555555556;	 0.044444444444444446;	 0.06666666666666667;	 0.1;	 0.6388888888888888;	 0.014509259259259272;	 (1.0)
1650.0 ;	 0.005555555555555556;	 0.044444444444444446;	 0.06666666666666667;	 0.1;	 0.6388888888888888;	 0.014509259259259272;	 (1.0)
1680.0 ;	 0.005555555555555556;	 0.044444444444444446;	 0.06666666666666667;	 0.1;	 0.6444444444444445;	 0.01453703703703705;	 (1.0)
1710.0 ;	 0.005555555555555556;	 0.044444444444444446;	 0.06666666666666667;	 0.1;	 0.6555555555555556;	 0.014574074074074088;	 (1.0)
1740.0 ;	 0.005555555555555556;	 0.044444444444444446;	 0.06666666666666667;	 0.1;	 0.6555555555555556;	 0.014574074074074088;	 (1.0)
1770.0 ;	 0.005555555555555556;	 0.044444444444444446;	 0.07222222222222222;	 0.08888888888888889;	 0.6611111111111111;	 0.014592592592592608;	 (1.0)
1800.0 ;	 0.005555555555555556;	 0.044444444444444446;	 0.07222222222222222;	 0.08888888888888889;	 0.6666666666666666;	 0.01460185185185187;	 (1.0)
1830.0 ;	 0.005555555555555556;	 0.044444444444444446;	 0.07222222222222222;	 0.08888888888888889;	 0.6722222222222223;	 0.014638888888888906;	 (1.0)
1860.0 ;	 0.005555555555555556;	 0.044444444444444446;	 0.07222222222222222;	 0.08888888888888889;	 0.6777777777777778;	 0.014648148148148167;	 (1.0)
1890.0 ;	 0.005555555555555556;	 0.044444444444444446;	 0.07222222222222222;	 0.08888888888888889;	 0.6833333333333333;	 0.014657407407407428;	 (1.0)
1920.0 ;	 0.005555555555555556;	 0.044444444444444446;	 0.07222222222222222;	 0.08888888888888889;	 0.6833333333333333;	 0.014657407407407428;	 (1.0)
1950.0 ;	 0.005555555555555556;	 0.044444444444444446;	 0.07222222222222222;	 0.08888888888888889;	 0.6833333333333333;	 0.014657407407407428;	 (1.0)
1980.0 ;	 0.005555555555555556;	 0.044444444444444446;	 0.07222222222222222;	 0.08888888888888889;	 0.6833333333333333;	 0.014657407407407428;	 (1.0)
2010.0 ;	 0.005555555555555556;	 0.044444444444444446;	 0.07222222222222222;	 0.08888888888888889;	 0.6833333333333333;	 0.014657407407407428;	 (1.0)
2040.0 ;	 0.005555555555555556;	 0.044444444444444446;	 0.07222222222222222;	 0.08888888888888889;	 0.6833333333333333;	 0.014657407407407428;	 (1.0)
2070.0 ;	 0.005555555555555556;	 0.044444444444444446;	 0.07222222222222222;	 0.08888888888888889;	 0.6833333333333333;	 0.014657407407407428;	 (1.0)
2100.0 ;	 0.005555555555555556;	 0.044444444444444446;	 0.07222222222222222;	 0.08888888888888889;	 0.6888888888888889;	 0.014666666666666685;	 (1.0)
2130.0 ;	 0.005555555555555556;	 0.044444444444444446;	 0.07222222222222222;	 0.08888888888888889;	 0.6944444444444444;	 0.014685185185185204;	 (1.0)
2160.0 ;	 0.005555555555555556;	 0.044444444444444446;	 0.07222222222222222;	 0.08888888888888889;	 0.6944444444444444;	 0.014685185185185204;	 (1.0)
2190.0 ;	 0.005555555555555556;	 0.044444444444444446;	 0.07222222222222222;	 0.08888888888888889;	 0.6944444444444444;	 0.014685185185185204;	 (1.0)
2220.0 ;	 0.005555555555555556;	 0.044444444444444446;	 0.07222222222222222;	 0.08888888888888889;	 0.6944444444444444;	 0.014685185185185204;	 (1.0)
2250.0 ;	 0.005555555555555556;	 0.044444444444444446;	 0.07222222222222222;	 0.08888888888888889;	 0.6944444444444444;	 0.014685185185185204;	 (1.0)
2280.0 ;	 0.005555555555555556;	 0.044444444444444446;	 0.07222222222222222;	 0.08888888888888889;	 0.6944444444444444;	 0.014685185185185204;	 (1.0)
2310.0 ;	 0.005555555555555556;	 0.044444444444444446;	 0.07222222222222222;	 0.08888888888888889;	 0.7;	 0.014694444444444465;	 (1.0)
2340.0 ;	 0.005555555555555556;	 0.044444444444444446;	 0.07222222222222222;	 0.08888888888888889;	 0.7;	 0.014694444444444465;	 (1.0)
2370.0 ;	 0.005555555555555556;	 0.044444444444444446;	 0.07222222222222222;	 0.08888888888888889;	 0.7;	 0.014694444444444465;	 (1.0)
2400.0 ;	 0.005555555555555556;	 0.044444444444444446;	 0.07222222222222222;	 0.08888888888888889;	 0.7;	 0.014703703703703722;	 (1.0)
2430.0 ;	 0.005555555555555556;	 0.044444444444444446;	 0.07222222222222222;	 0.08888888888888889;	 0.7;	 0.014703703703703722;	 (1.0)
2460.0 ;	 0.005555555555555556;	 0.044444444444444446;	 0.07222222222222222;	 0.08888888888888889;	 0.7055555555555556;	 0.014712962962962983;	 (1.0)
2490.0 ;	 0.005555555555555556;	 0.044444444444444446;	 0.07222222222222222;	 0.08888888888888889;	 0.7055555555555556;	 0.014712962962962983;	 (1.0)
2520.0 ;	 0.005555555555555556;	 0.044444444444444446;	 0.07222222222222222;	 0.08888888888888889;	 0.7055555555555556;	 0.014712962962962983;	 (1.0)
2550.0 ;	 0.005555555555555556;	 0.044444444444444446;	 0.07222222222222222;	 0.08888888888888889;	 0.7055555555555556;	 0.014712962962962983;	 (1.0)
2580.0 ;	 0.005555555555555556;	 0.044444444444444446;	 0.07222222222222222;	 0.08888888888888889;	 0.7055555555555556;	 0.014712962962962983;	 (1.0)
2610.0 ;	 0.005555555555555556;	 0.044444444444444446;	 0.07222222222222222;	 0.08888888888888889;	 0.7055555555555556;	 0.014712962962962983;	 (1.0)
2640.0 ;	 0.005555555555555556;	 0.044444444444444446;	 0.07222222222222222;	 0.08888888888888889;	 0.7055555555555556;	 0.014712962962962983;	 (1.0)
2670.0 ;	 0.005555555555555556;	 0.044444444444444446;	 0.07222222222222222;	 0.08888888888888889;	 0.7055555555555556;	 0.014568384431398325;	 (1.7033333333333334)
2700.0 ;	 0.005555555555555556;	 0.044444444444444446;	 0.07222222222222222;	 0.08888888888888889;	 0.7055555555555556;	 0.014712962962962983;	 (1.0)


t (seconds);	 percent of hosts that are alive ;	 percent of agent aggregated=
0.0 ;	 1.0;	 (1.9444444444444444)
30.0 ;	 1.0;	 (0.9555555555555556)
60.0 ;	 1.0;	 (0.9666666666666667)
90.0 ;	 1.0;	 (0.9666666666666667)
120.0 ;	 1.0;	 (0.9666666666666667)
150.0 ;	 1.0;	 (0.9666666666666667)
180.0 ;	 1.0;	 (0.9666666666666667)
210.0 ;	 1.0;	 (0.9666666666666667)
240.0 ;	 1.0;	 (0.9722222222222222)
270.0 ;	 1.0;	 (0.9722222222222222)
300.0 ;	 1.0;	 (0.9833333333333333)
330.0 ;	 1.0;	 (0.9777777777777777)
360.0 ;	 1.0;	 (0.9888888888888889)
390.0 ;	 1.0;	 (0.9888888888888889)
420.0 ;	 1.0;	 (0.9888888888888889)
450.0 ;	 1.0;	 (0.9944444444444445)
480.0 ;	 1.0;	 (0.9888888888888889)
510.0 ;	 1.0;	 (0.9888888888888889)
540.0 ;	 1.0;	 (0.9888888888888889)
570.0 ;	 1.0;	 (0.9888888888888889)
600.0 ;	 1.0;	 (0.9944444444444445)
630.0 ;	 1.0;	 (0.9944444444444445)
660.0 ;	 1.0;	 (0.9944444444444445)
690.0 ;	 1.0;	 (0.9944444444444445)
720.0 ;	 1.0;	 (0.9944444444444445)
750.0 ;	 1.0;	 (0.9944444444444445)
780.0 ;	 1.0;	 (1.0)
810.0 ;	 1.0;	 (0.9944444444444445)
840.0 ;	 1.0;	 (0.9944444444444445)
870.0 ;	 1.0;	 (0.9944444444444445)
900.0 ;	 1.0;	 (0.9944444444444445)
930.0 ;	 1.0;	 (0.9944444444444445)
960.0 ;	 1.0;	 (0.9944444444444445)
990.0 ;	 1.0;	 (0.9944444444444445)
1020.0 ;	 1.0;	 (0.9944444444444445)
1050.0 ;	 1.0;	 (0.9944444444444445)
1080.0 ;	 1.0;	 (0.9944444444444445)
1110.0 ;	 1.0;	 (0.9944444444444445)
1140.0 ;	 1.0;	 (0.9944444444444445)
1170.0 ;	 1.0;	 (0.9944444444444445)
1200.0 ;	 1.0;	 (0.9944444444444445)
1230.0 ;	 1.0;	 (0.9944444444444445)
1260.0 ;	 1.0;	 (0.9944444444444445)
1290.0 ;	 1.0;	 (1.0)
1320.0 ;	 1.0;	 (1.0)
1350.0 ;	 1.0;	 (1.0)
1380.0 ;	 1.0;	 (1.0)
1410.0 ;	 1.0;	 (1.0)
1440.0 ;	 1.0;	 (1.0)
1470.0 ;	 1.0;	 (1.0)
1500.0 ;	 1.0;	 (1.0)
1530.0 ;	 1.0;	 (1.0)
1560.0 ;	 1.0;	 (1.0)
1590.0 ;	 1.0;	 (1.0)
1620.0 ;	 1.0;	 (1.0)
1650.0 ;	 1.0;	 (1.0)
1680.0 ;	 1.0;	 (1.0)
1710.0 ;	 1.0;	 (1.0)
1740.0 ;	 1.0;	 (1.0)
1770.0 ;	 1.0;	 (1.0)
1800.0 ;	 1.0;	 (1.0)
1830.0 ;	 1.0;	 (1.0)
1860.0 ;	 1.0;	 (1.0)
1890.0 ;	 1.0;	 (1.0)
1920.0 ;	 1.0;	 (1.0)
1950.0 ;	 1.0;	 (1.0)
1980.0 ;	 1.0;	 (1.0)
2010.0 ;	 1.0;	 (1.0)
2040.0 ;	 1.0;	 (1.0)
2070.0 ;	 1.0;	 (1.0)
2100.0 ;	 1.0;	 (1.0)
2130.0 ;	 1.0;	 (1.0)
2160.0 ;	 1.0;	 (1.0)
2190.0 ;	 1.0;	 (1.0)
2220.0 ;	 1.0;	 (1.0)
2250.0 ;	 1.0;	 (1.0)
2280.0 ;	 1.0;	 (1.0)
2310.0 ;	 1.0;	 (1.0)
2340.0 ;	 1.0;	 (1.0)
2370.0 ;	 1.0;	 (1.0)
2400.0 ;	 1.0;	 (1.0)
2430.0 ;	 1.0;	 (1.0)
2460.0 ;	 1.0;	 (1.0)
2490.0 ;	 1.0;	 (1.0)
2520.0 ;	 1.0;	 (1.0)
2550.0 ;	 1.0;	 (1.0)
2580.0 ;	 1.0;	 (1.0)
2610.0 ;	 1.0;	 (1.0)
2640.0 ;	 1.0;	 (1.0)
2670.0 ;	 1.0;	 (1.1555555555555554)
2700.0 ;	 1.0;	 (1.0)


Optimal? Leximin solution : [0.3999999999999999, 0.4665039960470609, 0.4729271089679933, 0.4975113355158216, 0.506539014226197, 0.5109221057251754, 0.5386745189777712, 0.5458119591501824, 0.5458119591501824, 0.5599441250874496, 0.5703476994469671, 0.5857608996099284, 0.5857608996099284, 0.5878163068464979, 0.5900967380095383, 0.601239715496283, 0.605811925071681, 0.6114504757237322, 0.6177444264418865, 0.6291169717822171, 0.6302541053803149, 0.6334190729976966, 0.6370778170225851, 0.6410211398248719, 0.6490044184741075, 0.6593519797210372, 0.6645644642377759, 0.6656359135371717, 0.6661494766272127, 0.6714317698907196, 0.6834535384090596, 0.6848249675179088, 0.6856200007060199, 0.685715123104587, 0.6875373254892372, 0.6887685299511742, 0.6899369608805036, 0.691363608260788, 0.6981450057945722, 0.7014811067053655, 0.7054965694971849, 0.7057733358079809, 0.7138286122169061, 0.7145625925274541, 0.722925188705574, 0.7232545815399979, 0.7236903019338152, 0.7301708491129891, 0.7326797936706685, 0.7371174651766872, 0.7429743078511206, 0.7466669311389721, 0.7518818698143929, 0.7578579111428593, 0.7593270560185497, 0.7601051456508686, 0.7656113166247694, 0.7776029456540748, 0.7792280879481623, 0.7818008194746617, 0.786144340343804, 0.7881678455233487, 0.791513478574156, 0.7945754047029091, 0.8047348795799254, 0.8128063563193156, 0.8140212485974234, 0.8143834543766283, 0.8334094710274426, 0.8362393863409628, 0.8386488093907223, 0.8393737611453196, 0.8443356902636334, 0.8447602711107569, 0.8485857300599343, 0.8534097609192608, 0.8541295252081466, 0.8662640083212845, 0.8686654080811191, 0.8709925066711736, 0.8719916561310713, 0.8758762735878237, 0.877155812150562, 0.8784730902525413, 0.8819335109501145, 0.885091702924536, 0.8865307421246137, 0.8889698408897202, 0.8893145799019108, 0.9028455279416439, 0.909803989022448, 0.9124413125276879, 0.9133339217563734, 0.9137137905632049, 0.9178839577640565, 0.9205357303318292, 0.9234731258080057, 0.9259668978024628, 0.9262771363391162, 0.9285297894717662, 0.9293134727580473, 0.9317821045174941, 0.9318704628161428, 0.9346681344218412, 0.9365262079354105, 0.9400161126925273, 0.9484810329366695, 0.9526047436294243, 0.9538464837503499, 0.9538645508125471, 0.9559214474371763, 0.9579751973887967, 0.9609380349355643, 0.9626972667780848, 0.9653447393937677, 0.9666369354474573, 0.9702630460870865, 0.9708345789344799, 0.9708950116408444, 0.9718896811063525, 0.9720264062010382, 0.9722813213645422, 0.9735050941090182, 0.977054604378013, 0.9807174865408622, 0.9808902413543374, 0.9818081428314234, 0.9854687023463123, 0.9868676560504199, 0.9898229641067259, 0.9909538593182491, 0.991031732223354, 0.999, 0.9994242842381931, 0.9997593277625181, 0.9999523801917766, 0.9999584364850899, 0.9999950432572805, 0.9999969552705059, 0.9999992564844216, 0.9999992982110146, 0.9999999382622564, 0.9999999910032212, 0.9999999999993248, 1.0, 1.0045776954873782, 1.0047743277213372, 1.0109362081355422, 1.0124061209255049, 1.0136407611051812, 1.018608159931734, 1.020299231544601, 1.0207930864468093, 1.022050505239592, 1.0234615703741285, 1.0247832585323926, 1.0272710999308163, 1.0279264298318014, 1.0339942868440972, 1.0366823667172864, 1.0370342641790056, 1.0382089128290428, 1.0455094564558574, 1.0569854083257637, 1.0587275249636339, 1.0639746667924537, 1.067986959223544, 1.0731696947398939, 1.0734720039531704, 1.0814667321642026, 1.0820308282881728, 1.0827121211958268, 1.0833966096252379, 1.0839498058016548, 1.0841927865878835, 1.0846865419354994, 1.0872183906242656, 1.0874274916639917, 1.088219041183066, 1.090392225297413, 1.0908240680129266, 1.0912226161224408, 1.0932621034238517, 1.0942713122811636, 1.0957025055658463, 1.1064388949499233, 1.1073956388370148, 1.1096302448843638, 1.1104271211234933, 1.1133035849441515, 1.1142250259223494, 1.1155960652868355, 1.1183835717131236, 1.1214328667125724, 1.1214518010491188, 1.1349626153435777, 1.1400303837404868, 1.1422296397023575, 1.143470114630648, 1.1460239031092876, 1.146078293406791, 1.1477541760620098, 1.1491141011342714, 1.1521033130765794, 1.1564876357627332, 1.1619950632204807, 1.1628031323172603, 1.16450015165016, 1.1745439381471667, 1.1785821359545257, 1.1789454305139093, 1.1809551011108976, 1.1812345064782932, 1.1850270802904064, 1.1971060896868395, 1.1998125952297116, 1.1998281565024578, 1.2070753904125935, 1.2080156407233087, 1.2088182822786642, 1.2182785783927694, 1.221019801151249, 1.22352248423698, 1.225167420829109, 1.2259938148068783, 1.2260638963038994, 1.2269097470030446, 1.2291609174265077, 1.234863223899133, 1.2370217163302273, 1.2394444779662614, 1.2396036453278123, 1.240161320885489, 1.2491613790723448, 1.2526747132795741, 1.259460017008904, 1.2631204946305006, 1.2664680063659401, 1.2692799312914247, 1.270324505449526, 1.271926333594684, 1.27897347051882, 1.2802021007530742, 1.2831703155512066, 1.2862198632278166, 1.2911567468797314, 1.2931281832729413, 1.294612642632865, 1.3069274115019056, 1.3156955380937685, 1.3183566496579726, 1.3229333511715866, 1.3247861107378247, 1.3290614935659855, 1.3311671364943096, 1.3372807119757122, 1.339938843110565, 1.3442060048099889, 1.3447169691159382, 1.3581928570169015, 1.3601922189378453, 1.3616847712163271, 1.362712563627145, 1.3664834653663867, 1.3759662328218372, 1.3793682635757054, 1.3856774761768262, 1.3884662714434173, 1.3894608988427135, 1.3910165049655594, 1.3927586510318275, 1.4025553712231402, 1.4028480530507998, 1.4075326899995537, 1.4085448913475194, 1.4137030477824122, 1.4139895858018021, 1.4151193965117366, 1.4188900386933032, 1.4192235649326033, 1.4204136911703626, 1.4285149290567916, 1.4287279175664, 1.4392703513027538, 1.4525890420555503, 1.4573931482792348, 1.4782924238757535, 1.4783333163091417, 1.4794375137897917, 1.4826986446336916, 1.4894025728853717, 1.4994772936491887, 1.5018948842854472, 1.5100322749338975, 1.51562180929797, 1.5188733752387804, 1.5205775602607887, 1.5209236337848169, 1.5219878371966937, 1.5273975080621518, 1.5285448004025086, 1.5342554643621735, 1.569589453595001, 1.57325338265693, 1.586990726405935, 1.588329710960963, 1.5911562515716056, 1.593487383017639, 1.5971473651670796, 1.5976702495801522, 1.6075398417588964, 1.6134557204631494, 1.6136375021593645, 1.6172801025119414, 1.6173175583232509, 1.636411045713465, 1.6677209181940025, 1.6783687024952725, 1.6933111765890472, 1.6942659338351262, 1.6954539153618895, 1.7079577515217284, 1.712912117367329, 1.724141457272137, 1.7251366618518056, 1.725579358682284, 1.7266327621283986, 1.7322417996546613, 1.7330239766139974, 1.7404625775685947, 1.7420956578054754, 1.7437980866978853, 1.7479493396202654, 1.7585787820657215, 1.7607919833062702, 1.7741163733195167, 1.7752201685839029, 1.7768208024266587, 1.807796482166436, 1.8247960883251364, 1.8288258820867611, 1.8368642762662544, 1.8405848502877933, 1.8474150066710775, 1.8675446184496607, 1.88721001865504, 1.8980392369671142, 1.8998605573640874, 1.9055087099425057, 1.9190497725900904, 1.9199727810165796, 1.9351445970888876, 1.9398827681323225, 1.9421754315761954, 1.9440600337407834, 1.9551065544491644, 1.9818973848542891, 2.0035212660016546, 2.019135943408592, 2.031789337882292, 2.0449471805777146, 2.048114302809014, 2.0555948505458286, 2.068981649884102, 2.0778316332803084, 2.080852265669226, 2.081585272358835, 2.0861538908813393, 2.111184088053839, 2.1229078215763315, 2.136107317145284, 2.1387693953293323, 2.146046772430291, 2.155731573289208, 2.1805719001979584, 2.194591660885257, 2.1961991374995598, 2.20118855870488, 2.2150355585464694, 2.2155930423840884, 2.216108304121944, 2.2178982872855495, 2.2290807403718653, 2.2510468823285072, 2.2657918411980362, 2.273629810678048, 2.2755879459570516, 2.2983646052317486, 2.330620294915767, 2.336939535263025, 2.3718746140408915, 2.3747546008975604, 2.3779901465452395, 2.3905871677668324, 2.398981798744079, 2.405443206069421, 2.4203632796075754, 2.42432390130668, 2.424342951487711, 2.432495738209736, 2.4388656006915106, 2.4566676695902907, 2.4574581271160216, 2.480638377037893, 2.4873482073893833, 2.494038425169746, 2.4978244372228615, 2.5454524593224277, 2.5498398837730445, 2.5525706241073784, 2.555702515398429, 2.555769154203479, 2.5634298456724336, 2.595372622465336, 2.614257593441011, 2.6177563863150515, 2.6326532760421917, 2.671715946117152, 2.6720012762232126, 2.689622075935104, 2.7029651535889165, 2.7197709925352385, 2.719822702371049, 2.7247237023168, 2.728812758812517, 2.752106102825867, 2.760516434789171, 2.8104227542503417, 2.8207021974758337, 2.8868181710266367, 2.8919165973005163, 2.914368590994869, 2.9321646677396687, 2.936725819587787, 2.9376096240968796, 2.9524109011697717, 2.9623860411335268, 2.9714059167905043, 3.022516108537421, 3.0582001735597735, 3.0748637468541804, 3.1018058606188217, 3.1331691608290337, 3.1557362933723705, 3.1615148506267308, 3.185041548635135, 3.2032726009391834, 3.2372338308965505, 3.238255009695148, 3.277241945875689, 3.2951340293251166, 3.2953145343511245, 3.3014577085560886, 3.328944914656331, 3.362678563357708, 3.386412622669649, 3.406550848267658, 3.4190768607135604, 3.4452955215155763, 3.4571934200133128, 3.4586149650746907, 3.5239139854479964, 3.526308968368559, 3.5407998326354932, 3.5458087405774363, 3.566479542102232, 3.6059064295409433, 3.6371132444200955, 3.781667699824543, 3.868072486203371, 3.9039932270306337, 3.9845377951198024, 3.985338458768378, 4.009058919114757, 4.043797196001063, 4.1405871294124035, 4.161453317704352, 4.165376237955533, 4.188372084149445, 4.201263315066619, 4.2980112627681795, 4.300404258279752, 4.316336017662869, 4.33111644847469, 4.378961651098698, 4.418236632489331, 4.433466497429499, 4.505061840265488, 4.540169344663772, 4.554624950415617, 4.5683688939970715, 4.58425322134219, 4.670846509656457, 4.682701188779907, 4.739822596472206, 4.764714536854408, 4.805651803139073, 4.970031167821881, 4.981658274823407, 4.9960548044661754, 4.999401864510678, 5.048719512789675, 5.054227728678319, 5.19049083222449, 5.261756572703718, 5.290564393309096, 5.386745189777711, 5.4455422960208715, 5.466521735785814, 5.479782102802596, 5.6164875106049825, 5.642016816724002, 5.679954074682138, 5.70347699446967, 5.730584323743291, 5.766089176130503, 5.882500950030199, 5.882500950030199, 5.923014144681235, 5.937745677633872, 5.944538137458518, 6.077408315797204, 6.098779291275579, 6.1193776925280305, 6.1835378018194636, 6.25843750588105, 6.32545453984327, 6.398203891924763, 6.408506478638755, 6.7143176989071955, 6.731816594613806, 6.768035534452618, 6.813444032260356, 6.8221270766064785, 6.833132501183579, 6.8345353840905965, 7.025514174314844, 7.185900694208108, 7.290903047313133, 7.517854622392875, 7.647621038934859, 7.653267569479408, 7.667781776696141, 7.800145945808021, 7.81535889260028, 7.957916295514027, 7.992546289169311, 8.142342355835156, 8.21475654291541, 8.220848336830214, 8.253948907660345, 8.30329802760292, 8.392132477840532, 8.474579639177138, 8.475727072559861, 8.495778934021242, 8.49724213686532, 8.56815838585478, 8.672461339348693, 8.694429790884792, 8.73195315023216, 8.76772188300528, 8.8148554224801, 8.828236171939487, 8.865884768408518, 8.871041871461456, 9.080242266924651, 9.123033515806243, 9.13885844135812, 9.28463185927575, 9.370743879117859, 9.502800323331071, 9.521742084575715, 9.529255113248105, 9.613709597062662, 9.655079625976631, 9.669058601317834, 9.703015803623293, 9.705318018692166, 9.763677705647362, 9.763933401547469, 9.832278420806455, 9.900837449235047, 9.929619899615444, 9.978656155280367, 9.99, 9.99, 9.994, 9.99439406024651, 9.998108815706349, 9.998634290767844, 9.99865097606162, 9.998758549766457, 9.999469917392869, 9.999933777776704, 9.999953272736114, 9.999965282613182, 9.999998406697943, 10.0, 10.0]
 Utility solution 272.1655096296618
 Nash solution 1.1792606682662675E-52
 Agent percent of allocated resources : 0.5555555555555556%, 1.6666666666666667%, 1.1111111111111112%, 2.7777777777777777%, 1.1111111111111112%, 5.555555555555555%, 0.5555555555555556%, 1.1111111111111112%, 0.5555555555555556%, 3.3333333333333335%, 0.5555555555555556%, 0.5555555555555556%, 1.1111111111111112%, 1.1111111111111112%, 0.5555555555555556%, 0.5555555555555556%, 6.666666666666667%, 0.5555555555555556%, 1.1111111111111112%, 0.5555555555555556%, 1.1111111111111112%, 1.1111111111111112%, 0.5555555555555556%, 1.6666666666666667%, 1.1111111111111112%, 2.2222222222222223%, 10.0%, 1.1111111111111112%, 1.1111111111111112%, 1.1111111111111112%, 0.5555555555555556%, 1.1111111111111112%, 26.111111111111114%, 1.1111111111111112%, 0.5555555555555556%, 3.3333333333333335%, 1.1111111111111112%, 2.2222222222222223%, 0.5555555555555556%, 0.5555555555555556%, 0.5555555555555556%, 0.5555555555555556%, 0.5555555555555556%, 2.2222222222222223%, 0.5555555555555556%, 0.5555555555555556%, 1.1111111111111112%, 0.5555555555555556%, 1.6666666666666667%, 0.5555555555555556%, 0.5555555555555556%, 0.5555555555555556%, 1.1111111111111112%, 0.5555555555555556%, 1.1111111111111112%, 0.5555555555555556%, 0.5555555555555556%, 0.5555555555555556%, 0.5555555555555556%, 1.1111111111111112%, 1.1111111111111112%, 1.1111111111111112%, 1.1111111111111112%, 1.1111111111111112%, 0.5555555555555556%, 0.5555555555555556%, 1.6666666666666667%, 1.1111111111111112%, 1.6666666666666667%, 0.5555555555555556%, 0.5555555555555556%, 1.1111111111111112%, 0.5555555555555556%, 1.1111111111111112%, 0.5555555555555556%, 1.1111111111111112%, 0.5555555555555556%, 1.1111111111111112%, 0.5555555555555556%, 2.2222222222222223%, 1.1111111111111112%, 0.5555555555555556%, 1.1111111111111112%, 1.1111111111111112%, 1.1111111111111112%, 0.5555555555555556%, 1.1111111111111112%, 1.1111111111111112%, 1.1111111111111112%, 2.7777777777777777%, 1.1111111111111112%, 0.5555555555555556%, 0.5555555555555556%, 0.5555555555555556%, 0.5555555555555556%, 0.5555555555555556%, 0.5555555555555556%, 1.1111111111111112%, 2.2222222222222223%, 0.5555555555555556%, 0.5555555555555556%, 2.2222222222222223%, 1.1111111111111112%, 1.1111111111111112%, 2.7777777777777777%, 0.5555555555555556%, 4.444444444444445%, 0.5555555555555556%, 10.555555555555555%, 0.5555555555555556%, 1.1111111111111112%, 0.5555555555555556%, 8.88888888888889%, 1.6666666666666667%, 0.5555555555555556%, 0.5555555555555556%, 0.5555555555555556%, 0.5555555555555556%, 0.5555555555555556%, 0.5555555555555556%, 0.5555555555555556%, 0.5555555555555556%, 0.5555555555555556%, 1.1111111111111112%, 0.5555555555555556%, 3.888888888888889%, 1.1111111111111112%, 0.5555555555555556%, 1.6666666666666667%, 1.1111111111111112%, 0.5555555555555556%, 1.1111111111111112%, 0.5555555555555556%, 0.5555555555555556%, 2.7777777777777777%, 0.5555555555555556%, 1.1111111111111112%, 0.5555555555555556%, 0.5555555555555556%, 0.5555555555555556%, 0.5555555555555556%, 0.5555555555555556%, 0.5555555555555556%, 0.5555555555555556%, 0.5555555555555556%, 0.5555555555555556%, 1.1111111111111112%, 0.5555555555555556%, 1.1111111111111112%, 1.1111111111111112%, 1.1111111111111112%, 1.6666666666666667%, 0.5555555555555556%, 0.5555555555555556%, 0.5555555555555556%, 0.5555555555555556%, 0.5555555555555556%, 0.5555555555555556%, 0.5555555555555556%, 0.5555555555555556%, 7.222222222222221%, 0.5555555555555556%, 3.888888888888889%, 0.5555555555555556%, 0.5555555555555556%, 2.2222222222222223%, 0.5555555555555556%, 3.888888888888889%, 1.6666666666666667%, 0.5555555555555556%, 1.6666666666666667%, 1.1111111111111112%, 1.1111111111111112%, 0.5555555555555556%, 0.5555555555555556%, 1.6666666666666667%, 0.5555555555555556%, 2.7777777777777777%, 3.3333333333333335%, 4.444444444444445%, 0.5555555555555556%, 1.1111111111111112%, 5.0%, 1.1111111111111112%, 0.5555555555555556%, 1.6666666666666667%, 1.1111111111111112%, 0.5555555555555556%, 0.5555555555555556%, 2.7777777777777777%, 0.5555555555555556%, 1.1111111111111112%, 1.1111111111111112%, 1.6666666666666667%, 0.5555555555555556%, 0.5555555555555556%, 1.1111111111111112%, 1.6666666666666667%, 0.5555555555555556%, 1.1111111111111112%, 0.5555555555555556%, 0.5555555555555556%, 0.5555555555555556%, 0.5555555555555556%, 1.1111111111111112%, 1.1111111111111112%, 0.5555555555555556%, 0.5555555555555556%, 1.1111111111111112%, 1.1111111111111112%, 0.5555555555555556%, 1.1111111111111112%, 1.1111111111111112%, 1.1111111111111112%, 1.1111111111111112%, 0.5555555555555556%, 1.6666666666666667%, 0.5555555555555556%, 0.5555555555555556%, 1.1111111111111112%, 1.1111111111111112%, 1.1111111111111112%, 1.1111111111111112%, 0.5555555555555556%, 2.7777777777777777%, 0.5555555555555556%, 1.6666666666666667%, 1.6666666666666667%, 2.2222222222222223%, 0.5555555555555556%, 1.1111111111111112%, 0.5555555555555556%, 0.5555555555555556%, 1.6666666666666667%, 0.5555555555555556%, 1.1111111111111112%, 0.5555555555555556%, 0.5555555555555556%, 1.1111111111111112%, 1.1111111111111112%, 0.5555555555555556%, 0.5555555555555556%, 1.1111111111111112%, 0.5555555555555556%, 0.5555555555555556%, 0.5555555555555556%, 1.1111111111111112%, 0.5555555555555556%, 0.5555555555555556%, 0.5555555555555556%, 0.5555555555555556%, 0.5555555555555556%, 0.5555555555555556%, 0.5555555555555556%, 0.5555555555555556%, 0.5555555555555556%, 0.5555555555555556%, 1.1111111111111112%, 1.1111111111111112%, 0.5555555555555556%, 1.1111111111111112%, 0.5555555555555556%, 1.6666666666666667%, 0.5555555555555556%, 1.1111111111111112%, 1.1111111111111112%, 5.555555555555555%, 1.6666666666666667%, 2.7777777777777777%, 1.1111111111111112%, 0.5555555555555556%, 0.5555555555555556%, 0.5555555555555556%, 1.1111111111111112%, 1.1111111111111112%, 0.5555555555555556%, 1.1111111111111112%, 0.5555555555555556%, 0.5555555555555556%, 5.0%, 1.1111111111111112%, 0.5555555555555556%, 0.5555555555555556%, 0.5555555555555556%, 2.2222222222222223%, 1.1111111111111112%, 2.2222222222222223%, 0.5555555555555556%, 1.1111111111111112%, 11.666666666666666%, 0.5555555555555556%, 1.1111111111111112%, 1.1111111111111112%, 0.5555555555555556%, 0.5555555555555556%, 1.1111111111111112%, 0.5555555555555556%, 1.1111111111111112%, 1.1111111111111112%, 1.6666666666666667%, 13.333333333333334%, 0.5555555555555556%, 1.1111111111111112%, 0.5555555555555556%, 1.6666666666666667%, 0.5555555555555556%, 1.1111111111111112%, 1.6666666666666667%, 1.6666666666666667%, 0.5555555555555556%, 1.6666666666666667%, 0.5555555555555556%, 1.1111111111111112%, 7.222222222222221%, 4.444444444444445%, 16.666666666666664%, 1.1111111111111112%, 0.5555555555555556%, 0.5555555555555556%, 0.5555555555555556%, 3.3333333333333335%, 1.1111111111111112%, 1.6666666666666667%, 1.1111111111111112%, 1.1111111111111112%, 0.5555555555555556%, 0.5555555555555556%, 1.1111111111111112%, 1.1111111111111112%, 0.5555555555555556%, 0.5555555555555556%, 1.6666666666666667%, 1.6666666666666667%, 1.1111111111111112%, 1.6666666666666667%, 0.5555555555555556%, 1.1111111111111112%, 0.5555555555555556%, 1.6666666666666667%, 1.6666666666666667%, 0.5555555555555556%, 0.5555555555555556%, 0.5555555555555556%, 0.5555555555555556%, 0.5555555555555556%, 0.5555555555555556%, 1.6666666666666667%, 1.1111111111111112%, 1.1111111111111112%, 0.5555555555555556%, 1.1111111111111112%, 3.888888888888889%, 2.2222222222222223%, 1.6666666666666667%, 1.6666666666666667%, 1.1111111111111112%, 0.5555555555555556%, 0.5555555555555556%, 0.5555555555555556%, 0.5555555555555556%, 0.5555555555555556%, 1.1111111111111112%, 1.6666666666666667%, 0.5555555555555556%, 1.6666666666666667%, 1.6666666666666667%, 1.1111111111111112%, 0.5555555555555556%, 1.6666666666666667%, 1.1111111111111112%, 0.5555555555555556%, 1.1111111111111112%, 0.5555555555555556%, 0.5555555555555556%, 1.1111111111111112%, 4.444444444444445%, 1.1111111111111112%, 1.1111111111111112%, 1.1111111111111112%, 1.1111111111111112%, 2.2222222222222223%, 1.6666666666666667%, 0.5555555555555556%, 0.5555555555555556%, 0.5555555555555556%, 1.6666666666666667%, 0.5555555555555556%, 1.1111111111111112%, 0.5555555555555556%, 1.6666666666666667%, 1.1111111111111112%, 10.555555555555555%, 0.5555555555555556%, 2.2222222222222223%, 5.0%, 0.5555555555555556%, 0.5555555555555556%, 0.5555555555555556%, 1.6666666666666667%, 1.1111111111111112%, 0.5555555555555556%, 0.5555555555555556%, 1.1111111111111112%, 1.1111111111111112%, 0.5555555555555556%, 0.5555555555555556%, 0.5555555555555556%, 0.5555555555555556%, 1.6666666666666667%, 0.5555555555555556%, 0.5555555555555556%, 0.5555555555555556%, 1.6666666666666667%, 0.5555555555555556%, 1.6666666666666667%, 1.1111111111111112%, 1.1111111111111112%, 1.1111111111111112%, 1.1111111111111112%, 0.5555555555555556%, 0.5555555555555556%, 0.5555555555555556%, 1.1111111111111112%, 2.2222222222222223%, 1.1111111111111112%, 1.1111111111111112%, 0.5555555555555556%, 1.1111111111111112%, 0.5555555555555556%, 1.1111111111111112%, 1.6666666666666667%, 0.5555555555555556%, 1.1111111111111112%, 2.7777777777777777%, 0.5555555555555556%, 0.5555555555555556%, 0.5555555555555556%, 0.5555555555555556%, 0.5555555555555556%, 1.1111111111111112%, 1.1111111111111112%, 0.5555555555555556%, 0.5555555555555556%, 2.7777777777777777%, 1.1111111111111112%, 1.6666666666666667%, 0.5555555555555556%, 8.333333333333332%, 0.5555555555555556%, 1.1111111111111112%, 0.5555555555555556%, 3.3333333333333335%, 1.6666666666666667%, 5.0%, 0.5555555555555556%, 0.5555555555555556%, 2.7777777777777777%, 1.6666666666666667%, 0.5555555555555556%, 0.5555555555555556%, 1.6666666666666667%, 0.5555555555555556%, 0.5555555555555556%, 0.5555555555555556%, 1.6666666666666667%, 0.5555555555555556%, 1.1111111111111112%, 1.1111111111111112%, 3.888888888888889%, 1.6666666666666667%, 0.5555555555555556%, 1.1111111111111112%, 2.7777777777777777%, 0.5555555555555556%, 2.2222222222222223%, 0.5555555555555556%, 0.5555555555555556%, 7.777777777777778%, 0.5555555555555556%, 1.6666666666666667%, 1.6666666666666667%, 0.5555555555555556%, 1.1111111111111112%, 1.6666666666666667%, 1.1111111111111112%, 1.1111111111111112%, 2.2222222222222223%, 0.5555555555555556%, 0.5555555555555556%, 3.888888888888889%, 1.1111111111111112%, 1.1111111111111112%, 0.5555555555555556%, 1.1111111111111112%, 0.5555555555555556%, 1.1111111111111112%, 1.1111111111111112%, 1.1111111111111112%, 1.1111111111111112%, 1.6666666666666667%, 1.6666666666666667%, 1.1111111111111112%, 0.5555555555555556%, 0.5555555555555556%, 0.5555555555555556%, 1.1111111111111112%, 1.1111111111111112%, 1.1111111111111112%, 1.1111111111111112%, 0.5555555555555556%, 0.5555555555555556%, 1.1111111111111112%, 0.5555555555555556%, 1.1111111111111112%, 0.5555555555555556%, 1.6666666666666667%, 0.5555555555555556%, 1.1111111111111112%, 1.1111111111111112%, 1.1111111111111112%, 2.2222222222222223%, 0.5555555555555556%, 1.1111111111111112%, 0.5555555555555556%, 1.1111111111111112%, 1.6666666666666667%, 0.5555555555555556%, 0.5555555555555556%, 2.2222222222222223%, 1.1111111111111112%, 1.1111111111111112%, 1.1111111111111112%, 1.1111111111111112%, 0.5555555555555556%, 1.1111111111111112%, 2.2222222222222223%, 0.5555555555555556%, 0.5555555555555556%, 0.5555555555555556%, 2.2222222222222223%, 0.5555555555555556%, 1.1111111111111112%, 0.5555555555555556%, 1.1111111111111112%, 0.5555555555555556%, 0.5555555555555556%, 1.1111111111111112%, 0.5555555555555556%, 1.1111111111111112%, 1.6666666666666667%, 1.1111111111111112%, 1.6666666666666667%, 2.2222222222222223%, 0.5555555555555556%, 1.6666666666666667%, 1.6666666666666667%, 0.5555555555555556%, 0.5555555555555556%, 2.2222222222222223%, 1.6666666666666667%, 0.5555555555555556%, 1.6666666666666667%, 1.6666666666666667%, 1.1111111111111112%, 1.6666666666666667%, 2.2222222222222223%, 1.1111111111111112%, 2.2222222222222223%, 0.5555555555555556%, 0.5555555555555556%, 1.6666666666666667%, 1.1111111111111112%, 0.5555555555555556%, 2.2222222222222223%, 0.5555555555555556%, 0.5555555555555556%, 0.5555555555555556%, 1.6666666666666667%, 0.5555555555555556%, 70.55555555555556%, 1.1111111111111112%, 1.1111111111111112%, 0.5555555555555556%, 2.2222222222222223%, 2.7777777777777777%, 1.6666666666666667%, 0.5555555555555556%, 0.5555555555555556%, 0.5555555555555556%, 0.5555555555555556%, 10.555555555555555%, 1.1111111111111112%, 0.5555555555555556%, 1.1111111111111112%, 0.5555555555555556%, 1.1111111111111112%, 0.5555555555555556%, 1.1111111111111112%, 3.888888888888889%, 1.6666666666666667%, 
 Agents sorted by criticity? false

