launched :
--> Mon Apr 30 13:37:14 CEST 2012
 simu_11****************************************************************************************************************************
Simulation with parameters :
nbAgents : 600
nbHosts : 180
_usedProtocol : mirror protocol
_agentSelection : greedy select
_hostSelection : alloc select
_socialWelfare : Nash
agentAccessiblePerHost : 2000
hostFaultProbabilityMean : 0.7
hostDisponibilityDispersion : Moyen
agentLoadMean : 0.5
agentLoadDispersion : Moyen
hostCapacityMean : 3.3333333333333335
hostCapacityDispersion : Faible
agentCriticityMean : 0.5
agentCriticityDispersion : Fort
dynamicCriticity : true
host_maxSimultaneousFailure : 0.0
startingNbAgents : 2000
startingNbHosts : 600
simultaneousCandidature : 15
simultaneousAcceptation : 10
completGraph : true
multiDim : true
choosenType : Static
_host_maxFaultfrequency : 500
_timeScale : 5000
_lambdaRepair : 1.0
_kValue : 7.0
_kRepair : 0.001
_theta : 0.0
_criticityMin : 0.1
_criticityVariationProba : 0.2
_criticityVariationAmplitude : 0.3
_criticity_update_frequency : 2000
currentlyInstanciating : false
_maxSimulationTime : 2700000
**************
 results are :

t (seconds);	 reliability min;	 reliability firstTercile;	 reliability  mediane;	  reliability lastTercile;	 reliability  max ;	 reliability mean ;	 percent of agent aggregated=
0.0 ;	 0.3999999999999999;	 0.8538181688739868;	 0.9234869621381031;	 0.966572552315954;	 0.9999966452209132;	 0.7812575982387778;	 (2.0)
30.0 ;	 0.3999999999999999;	 0.8728366225331989;	 0.9368831730572134;	 0.9717342779684832;	 1.0;	 0.8505794378250886;	 (1.0)
60.0 ;	 0.3999999999999999;	 0.8728366225331989;	 0.9368831730572134;	 0.9717342779684832;	 1.0;	 0.8505794378250886;	 (1.0)
90.0 ;	 0.3999999999999999;	 0.8728366225331989;	 0.9368831730572134;	 0.9717342779684832;	 1.0;	 0.8505794378250886;	 (1.0)
120.0 ;	 0.3999999999999999;	 0.8728366225331989;	 0.9368831730572134;	 0.9717342779684832;	 1.0;	 0.8505794378250886;	 (1.0)
150.0 ;	 0.3999999999999999;	 0.8728366225331989;	 0.9368831730572134;	 0.9717342779684832;	 1.0;	 0.8505794378250886;	 (1.0)
180.0 ;	 0.3999999999999999;	 0.8728366225331989;	 0.9368831730572134;	 0.9717342779684832;	 1.0;	 0.8505794378250886;	 (1.0)
210.0 ;	 0.3999999999999999;	 0.8763810648623946;	 0.9376435626452739;	 0.9724952410305483;	 1.0;	 0.851060316060464;	 (1.0)
240.0 ;	 0.3999999999999999;	 0.8763810648623946;	 0.9376435626452739;	 0.9724952410305483;	 1.0;	 0.8510660797114027;	 (1.0)
270.0 ;	 0.3999999999999999;	 0.8763810648623946;	 0.9376435626452739;	 0.9724952410305483;	 1.0;	 0.8510660797114027;	 (1.0)
300.0 ;	 0.3999999999999999;	 0.8763810648623946;	 0.9376435626452739;	 0.9724952410305483;	 1.0;	 0.8510660797114027;	 (1.0)
330.0 ;	 0.3999999999999999;	 0.8763810648623946;	 0.9376435626452739;	 0.9724952410305483;	 1.0;	 0.8510660797114027;	 (1.0)
360.0 ;	 0.3999999999999999;	 0.8763810648623946;	 0.9370890765518705;	 0.9731044176628626;	 1.0;	 0.8515950544110714;	 (1.0)
390.0 ;	 0.3999999999999999;	 0.8763810648623946;	 0.9376435626452739;	 0.9731044176628626;	 1.0;	 0.8517230938109628;	 (1.0)
420.0 ;	 0.3999999999999999;	 0.8763810648623946;	 0.9376435626452739;	 0.9731044176628626;	 1.0;	 0.8517457183431663;	 (1.0)
450.0 ;	 0.3999999999999999;	 0.8763810648623946;	 0.9376435626452739;	 0.9731044176628626;	 1.0;	 0.8517460388559327;	 (1.0)
480.0 ;	 0.3999999999999999;	 0.8763810648623946;	 0.9376435626452739;	 0.9731044176628626;	 1.0;	 0.8517460388559327;	 (1.0)
510.0 ;	 0.3999999999999999;	 0.8763810648623946;	 0.9376435626452739;	 0.9731044176628626;	 1.0;	 0.8517460388559327;	 (1.0)
540.0 ;	 0.3999999999999999;	 0.8763810648623946;	 0.9376435626452739;	 0.9731044176628626;	 1.0;	 0.8517460388559327;	 (1.0)
570.0 ;	 0.3999999999999999;	 0.8763810648623946;	 0.9376435626452739;	 0.9731044176628626;	 1.0;	 0.8517460388559327;	 (1.0)
600.0 ;	 0.3999999999999999;	 0.8763810648623946;	 0.9376435626452739;	 0.9731044176628626;	 1.0;	 0.8517460388559327;	 (1.0)
630.0 ;	 0.3999999999999999;	 0.8763810648623946;	 0.9376435626452739;	 0.9731044176628626;	 1.0;	 0.8517460388559327;	 (1.0)
660.0 ;	 0.3999999999999999;	 0.8763810648623946;	 0.9376435626452739;	 0.9731044176628626;	 1.0;	 0.8517460388559327;	 (1.0)
690.0 ;	 0.3999999999999999;	 0.8763810648623946;	 0.9376435626452739;	 0.9731044176628626;	 1.0;	 0.8517460388559327;	 (1.0)
720.0 ;	 0.3999999999999999;	 0.8763810648623946;	 0.9376435626452739;	 0.9731044176628626;	 1.0;	 0.8517460388559327;	 (1.0)
750.0 ;	 0.3999999999999999;	 0.8763810648623946;	 0.9376435626452739;	 0.9731044176628626;	 1.0;	 0.8517460388559327;	 (1.0)
780.0 ;	 0.3999999999999999;	 0.8763810648623946;	 0.9376435626452739;	 0.9731044176628626;	 1.0;	 0.8517460388559327;	 (1.0)
810.0 ;	 0.3999999999999999;	 0.8763810648623946;	 0.9376435626452739;	 0.9731044176628626;	 1.0;	 0.8517460388559327;	 (1.0)
840.0 ;	 0.3999999999999999;	 0.8763810648623946;	 0.9376435626452739;	 0.9731044176628626;	 1.0;	 0.8517460388559327;	 (1.0)
870.0 ;	 0.3999999999999999;	 0.8763810648623946;	 0.9376435626452739;	 0.9731044176628626;	 1.0;	 0.8517460388559327;	 (1.0)
900.0 ;	 0.3999999999999999;	 0.8763810648623946;	 0.9376435626452739;	 0.9731044176628626;	 1.0;	 0.8517460388559327;	 (1.0)
930.0 ;	 0.3999999999999999;	 0.8763810648623946;	 0.9376435626452739;	 0.9731044176628626;	 1.0;	 0.8517460388559327;	 (1.0)
960.0 ;	 0.3999999999999999;	 0.8763810648623946;	 0.9376435626452739;	 0.9731044176628626;	 1.0;	 0.8517460388559327;	 (1.0)
990.0 ;	 0.3999999999999999;	 0.8763810648623946;	 0.9376435626452739;	 0.9731044176628626;	 1.0;	 0.8517460388559327;	 (1.0)
1020.0 ;	 0.3999999999999999;	 0.8763810648623946;	 0.9376435626452739;	 0.9731044176628626;	 1.0;	 0.8517460388559327;	 (1.0)
1050.0 ;	 0.3999999999999999;	 0.8763810648623946;	 0.9376435626452739;	 0.9731044176628626;	 1.0;	 0.8517460388559327;	 (1.0)
1080.0 ;	 0.3999999999999999;	 0.8763810648623946;	 0.9376435626452739;	 0.9731044176628626;	 1.0;	 0.8517460388559327;	 (1.0)
1110.0 ;	 0.3999999999999999;	 0.8763810648623946;	 0.9376435626452739;	 0.9731044176628626;	 1.0;	 0.8517460388559327;	 (1.0)
1140.0 ;	 0.3999999999999999;	 0.8763810648623946;	 0.9376435626452739;	 0.9731044176628626;	 1.0;	 0.8517460388559327;	 (1.0)
1170.0 ;	 0.3999999999999999;	 0.8763810648623946;	 0.9376435626452739;	 0.9731044176628626;	 1.0;	 0.8517460388559327;	 (1.0)
1200.0 ;	 0.3999999999999999;	 0.8763810648623946;	 0.9376435626452739;	 0.9731044176628626;	 1.0;	 0.8517460388559327;	 (1.0)
1230.0 ;	 0.3999999999999999;	 0.8763810648623946;	 0.9376435626452739;	 0.9731044176628626;	 1.0;	 0.8517460388559327;	 (1.0)
1260.0 ;	 0.3999999999999999;	 0.8763810648623946;	 0.9376435626452739;	 0.9731044176628626;	 1.0;	 0.8517460388559327;	 (1.0)
1290.0 ;	 0.3999999999999999;	 0.8763810648623946;	 0.9376435626452739;	 0.9731044176628626;	 1.0;	 0.8517460388559327;	 (1.0)
1320.0 ;	 0.3999999999999999;	 0.8763810648623946;	 0.9376435626452739;	 0.9731044176628626;	 1.0;	 0.8517460388559327;	 (1.0)
1350.0 ;	 0.3999999999999999;	 0.8763810648623946;	 0.9376435626452739;	 0.9731044176628626;	 1.0;	 0.8517460388559327;	 (1.0)
1380.0 ;	 0.3999999999999999;	 0.8763810648623946;	 0.937987156768645;	 0.9731044176628626;	 1.0;	 0.8520580621300677;	 (1.0)
1410.0 ;	 0.3999999999999999;	 0.8763810648623946;	 0.937987156768645;	 0.9731044176628626;	 1.0;	 0.8520764112790367;	 (1.0)
1440.0 ;	 0.3999999999999999;	 0.8763810648623946;	 0.937987156768645;	 0.9731044176628626;	 1.0;	 0.8520827285619742;	 (1.0)
1470.0 ;	 0.3999999999999999;	 0.8763810648623946;	 0.937987156768645;	 0.9732911031248481;	 1.0;	 0.8521501483712214;	 (1.0)
1500.0 ;	 0.3999999999999999;	 0.8763810648623946;	 0.937987156768645;	 0.9732911031248481;	 1.0;	 0.8521501506652936;	 (1.0)
1530.0 ;	 0.3999999999999999;	 0.8763810648623946;	 0.937987156768645;	 0.9732911031248481;	 1.0;	 0.8521501891336697;	 (1.0)
1560.0 ;	 0.3999999999999999;	 0.8763810648623946;	 0.937987156768645;	 0.9732911031248481;	 1.0;	 0.8521501988562495;	 (1.0)
1590.0 ;	 0.3999999999999999;	 0.8763810648623946;	 0.937987156768645;	 0.9732911031248481;	 1.0;	 0.8521501988861615;	 (1.0)
1620.0 ;	 0.3999999999999999;	 0.8763810648623946;	 0.937987156768645;	 0.9732911031248481;	 1.0;	 0.8521501988861662;	 (1.0)
1650.0 ;	 0.3999999999999999;	 0.8763810648623946;	 0.937987156768645;	 0.9732911031248481;	 1.0;	 0.8521502111734628;	 (1.0)
1680.0 ;	 0.3999999999999999;	 0.8763810648623946;	 0.937987156768645;	 0.9732911031248481;	 1.0;	 0.852151107716086;	 (1.0)
1710.0 ;	 0.3999999999999999;	 0.8763810648623946;	 0.937987156768645;	 0.9732911031248481;	 1.0;	 0.852151107716086;	 (1.0)
1740.0 ;	 0.3999999999999999;	 0.8763810648623946;	 0.937987156768645;	 0.9732911031248481;	 1.0;	 0.852151107716086;	 (1.0)
1770.0 ;	 0.3999999999999999;	 0.8763810648623946;	 0.937987156768645;	 0.9732911031248481;	 1.0;	 0.852151110875376;	 (1.0)
1800.0 ;	 0.3999999999999999;	 0.8763810648623946;	 0.937987156768645;	 0.9732911031248481;	 1.0;	 0.8521511108753775;	 (1.0)
1830.0 ;	 0.3999999999999999;	 0.8763810648623946;	 0.937987156768645;	 0.9732911031248481;	 1.0;	 0.8521511108753778;	 (1.0)
1860.0 ;	 0.3999999999999999;	 0.8763810648623946;	 0.937987156768645;	 0.9732911031248481;	 1.0;	 0.8521511108753778;	 (1.0)
1890.0 ;	 0.3999999999999999;	 0.8735455667218347;	 0.937987156768645;	 0.9732911031248481;	 1.0;	 0.8524836853537346;	 (1.0)
1920.0 ;	 0.3999999999999999;	 0.8735455667218347;	 0.937987156768645;	 0.9732911031248481;	 1.0;	 0.8524836853537346;	 (1.0)
1950.0 ;	 0.3999999999999999;	 0.8735455667218347;	 0.937987156768645;	 0.9732911031248481;	 1.0;	 0.8524836853537346;	 (1.0)
1980.0 ;	 0.3999999999999999;	 0.8735455667218347;	 0.937987156768645;	 0.9732911031248481;	 1.0;	 0.8524836853537346;	 (1.0)
2010.0 ;	 0.3999999999999999;	 0.8735455667218347;	 0.937987156768645;	 0.9732911031248481;	 1.0;	 0.8524836853537346;	 (1.0)
2040.0 ;	 0.3999999999999999;	 0.8735455667218347;	 0.937987156768645;	 0.9732911031248481;	 1.0;	 0.8524836853537346;	 (1.0)
2070.0 ;	 0.3999999999999999;	 0.8735455667218347;	 0.937987156768645;	 0.9732911031248481;	 1.0;	 0.8524836853583647;	 (1.0)
2100.0 ;	 0.3999999999999999;	 0.8735455667218347;	 0.937987156768645;	 0.9732911031248481;	 1.0;	 0.8524836853583647;	 (1.0)
2130.0 ;	 0.3999999999999999;	 0.8735455667218347;	 0.937987156768645;	 0.9732911031248481;	 1.0;	 0.8524836853583647;	 (1.0)
2160.0 ;	 0.3999999999999999;	 0.8735455667218347;	 0.937987156768645;	 0.9732911031248481;	 1.0;	 0.8524836853583647;	 (1.0)
2190.0 ;	 0.3999999999999999;	 0.8735455667218347;	 0.937987156768645;	 0.9732911031248481;	 1.0;	 0.8524836853583647;	 (1.0)
2220.0 ;	 0.3999999999999999;	 0.8735455667218347;	 0.937987156768645;	 0.9732911031248481;	 1.0;	 0.8524836853583647;	 (1.0)
2250.0 ;	 0.3999999999999999;	 0.8735455667218347;	 0.937987156768645;	 0.9732911031248481;	 1.0;	 0.8524836853583647;	 (1.0)
2280.0 ;	 0.3999999999999999;	 0.8735455667218347;	 0.937987156768645;	 0.9732911031248481;	 1.0;	 0.8524836853583647;	 (1.0)
2310.0 ;	 0.3999999999999999;	 0.8735455667218347;	 0.937987156768645;	 0.9732911031248481;	 1.0;	 0.8524836853583647;	 (1.0)
2340.0 ;	 0.3999999999999999;	 0.8735455667218347;	 0.937987156768645;	 0.9732911031248481;	 1.0;	 0.8524836853583647;	 (1.0)
2370.0 ;	 0.3999999999999999;	 0.8735455667218347;	 0.937987156768645;	 0.9732911031248481;	 1.0;	 0.8524836853583647;	 (1.0)
2400.0 ;	 0.3999999999999999;	 0.8735455667218347;	 0.937987156768645;	 0.9732911031248481;	 1.0;	 0.8524836853583647;	 (1.0)
2430.0 ;	 0.3999999999999999;	 0.8735455667218347;	 0.937987156768645;	 0.9732911031248481;	 1.0;	 0.8524836853583647;	 (1.0)
2460.0 ;	 0.3999999999999999;	 0.8735455667218347;	 0.937987156768645;	 0.9732911031248481;	 1.0;	 0.8524836853583647;	 (1.0)
2490.0 ;	 0.3999999999999999;	 0.8735455667218347;	 0.937987156768645;	 0.9732911031248481;	 1.0;	 0.8524836853583647;	 (1.0)
2520.0 ;	 0.3999999999999999;	 0.8735455667218347;	 0.937987156768645;	 0.9732911031248481;	 1.0;	 0.8524836853583647;	 (1.0)
2550.0 ;	 0.3999999999999999;	 0.8735455667218347;	 0.937987156768645;	 0.9732911031248481;	 1.0;	 0.8524836853583647;	 (1.0)
2580.0 ;	 0.3999999999999999;	 0.8735455667218347;	 0.937987156768645;	 0.9732911031248481;	 1.0;	 0.8524836853583647;	 (1.0)
2610.0 ;	 0.3999999999999999;	 0.8735455667218347;	 0.937987156768645;	 0.9732911031248481;	 1.0;	 0.8524836853583647;	 (1.0)
2640.0 ;	 0.3999999999999999;	 0.8735455667218347;	 0.937987156768645;	 0.9732911031248481;	 1.0;	 0.8524836853583647;	 (1.0)
2670.0 ;	 0.3999999999999999;	 0.8735455667218347;	 0.937987156768645;	 0.9732911031248481;	 1.0;	 0.8558426441057956;	 (1.5883333333333334)
2700.0 ;	 0.3999999999999999;	 0.8735455667218347;	 0.937987156768645;	 0.9732911031248481;	 1.0;	 0.8524836853583647;	 (1.0)


t (seconds);	 disponibilite min;	 disponibilite firstTercile;	 disponibilite  mediane;	  disponibilite lastTercile;	 disponibilite  max ;	 disponibilite mean ;	 percent of agent aggregated=
0.0 ;	 0.3999999999999999;	 0.8538181688739868;	 0.9234869621381031;	 0.966572552315954;	 0.9999966452209132;	 0.7812575982387778;	 (2.0)
30.0 ;	 0.3999999999999999;	 0.8728366225331989;	 0.9368831730572134;	 0.9717342779684832;	 1.0;	 0.8505794378250886;	 (1.0)
60.0 ;	 0.3999999999999999;	 0.8728366225331989;	 0.9368831730572134;	 0.9717342779684832;	 1.0;	 0.8505794378250886;	 (1.0)
90.0 ;	 0.3999999999999999;	 0.8728366225331989;	 0.9368831730572134;	 0.9717342779684832;	 1.0;	 0.8505794378250886;	 (1.0)
120.0 ;	 0.3999999999999999;	 0.8728366225331989;	 0.9368831730572134;	 0.9717342779684832;	 1.0;	 0.8505794378250886;	 (1.0)
150.0 ;	 0.3999999999999999;	 0.8728366225331989;	 0.9368831730572134;	 0.9717342779684832;	 1.0;	 0.8505794378250886;	 (1.0)
180.0 ;	 0.3999999999999999;	 0.8728366225331989;	 0.9368831730572134;	 0.9717342779684832;	 1.0;	 0.8505794378250886;	 (1.0)
210.0 ;	 0.3999999999999999;	 0.8763810648623946;	 0.9376435626452739;	 0.9724952410305483;	 1.0;	 0.851060316060464;	 (1.0)
240.0 ;	 0.3999999999999999;	 0.8763810648623946;	 0.9376435626452739;	 0.9724952410305483;	 1.0;	 0.8510660797114027;	 (1.0)
270.0 ;	 0.3999999999999999;	 0.8763810648623946;	 0.9376435626452739;	 0.9724952410305483;	 1.0;	 0.8510660797114027;	 (1.0)
300.0 ;	 0.3999999999999999;	 0.8763810648623946;	 0.9376435626452739;	 0.9724952410305483;	 1.0;	 0.8510660797114027;	 (1.0)
330.0 ;	 0.3999999999999999;	 0.8763810648623946;	 0.9376435626452739;	 0.9724952410305483;	 1.0;	 0.8510660797114027;	 (1.0)
360.0 ;	 0.3999999999999999;	 0.8763810648623946;	 0.9370890765518705;	 0.9731044176628626;	 1.0;	 0.8515950544110714;	 (1.0)
390.0 ;	 0.3999999999999999;	 0.8763810648623946;	 0.9376435626452739;	 0.9731044176628626;	 1.0;	 0.8517230938109628;	 (1.0)
420.0 ;	 0.3999999999999999;	 0.8763810648623946;	 0.9376435626452739;	 0.9731044176628626;	 1.0;	 0.8517457183431663;	 (1.0)
450.0 ;	 0.3999999999999999;	 0.8763810648623946;	 0.9376435626452739;	 0.9731044176628626;	 1.0;	 0.8517460388559327;	 (1.0)
480.0 ;	 0.3999999999999999;	 0.8763810648623946;	 0.9376435626452739;	 0.9731044176628626;	 1.0;	 0.8517460388559327;	 (1.0)
510.0 ;	 0.3999999999999999;	 0.8763810648623946;	 0.9376435626452739;	 0.9731044176628626;	 1.0;	 0.8517460388559327;	 (1.0)
540.0 ;	 0.3999999999999999;	 0.8763810648623946;	 0.9376435626452739;	 0.9731044176628626;	 1.0;	 0.8517460388559327;	 (1.0)
570.0 ;	 0.3999999999999999;	 0.8763810648623946;	 0.9376435626452739;	 0.9731044176628626;	 1.0;	 0.8517460388559327;	 (1.0)
600.0 ;	 0.3999999999999999;	 0.8763810648623946;	 0.9376435626452739;	 0.9731044176628626;	 1.0;	 0.8517460388559327;	 (1.0)
630.0 ;	 0.3999999999999999;	 0.8763810648623946;	 0.9376435626452739;	 0.9731044176628626;	 1.0;	 0.8517460388559327;	 (1.0)
660.0 ;	 0.3999999999999999;	 0.8763810648623946;	 0.9376435626452739;	 0.9731044176628626;	 1.0;	 0.8517460388559327;	 (1.0)
690.0 ;	 0.3999999999999999;	 0.8763810648623946;	 0.9376435626452739;	 0.9731044176628626;	 1.0;	 0.8517460388559327;	 (1.0)
720.0 ;	 0.3999999999999999;	 0.8763810648623946;	 0.9376435626452739;	 0.9731044176628626;	 1.0;	 0.8517460388559327;	 (1.0)
750.0 ;	 0.3999999999999999;	 0.8763810648623946;	 0.9376435626452739;	 0.9731044176628626;	 1.0;	 0.8517460388559327;	 (1.0)
780.0 ;	 0.3999999999999999;	 0.8763810648623946;	 0.9376435626452739;	 0.9731044176628626;	 1.0;	 0.8517460388559327;	 (1.0)
810.0 ;	 0.3999999999999999;	 0.8763810648623946;	 0.9376435626452739;	 0.9731044176628626;	 1.0;	 0.8517460388559327;	 (1.0)
840.0 ;	 0.3999999999999999;	 0.8763810648623946;	 0.9376435626452739;	 0.9731044176628626;	 1.0;	 0.8517460388559327;	 (1.0)
870.0 ;	 0.3999999999999999;	 0.8763810648623946;	 0.9376435626452739;	 0.9731044176628626;	 1.0;	 0.8517460388559327;	 (1.0)
900.0 ;	 0.3999999999999999;	 0.8763810648623946;	 0.9376435626452739;	 0.9731044176628626;	 1.0;	 0.8517460388559327;	 (1.0)
930.0 ;	 0.3999999999999999;	 0.8763810648623946;	 0.9376435626452739;	 0.9731044176628626;	 1.0;	 0.8517460388559327;	 (1.0)
960.0 ;	 0.3999999999999999;	 0.8763810648623946;	 0.9376435626452739;	 0.9731044176628626;	 1.0;	 0.8517460388559327;	 (1.0)
990.0 ;	 0.3999999999999999;	 0.8763810648623946;	 0.9376435626452739;	 0.9731044176628626;	 1.0;	 0.8517460388559327;	 (1.0)
1020.0 ;	 0.3999999999999999;	 0.8763810648623946;	 0.9376435626452739;	 0.9731044176628626;	 1.0;	 0.8517460388559327;	 (1.0)
1050.0 ;	 0.3999999999999999;	 0.8763810648623946;	 0.9376435626452739;	 0.9731044176628626;	 1.0;	 0.8517460388559327;	 (1.0)
1080.0 ;	 0.3999999999999999;	 0.8763810648623946;	 0.9376435626452739;	 0.9731044176628626;	 1.0;	 0.8517460388559327;	 (1.0)
1110.0 ;	 0.3999999999999999;	 0.8763810648623946;	 0.9376435626452739;	 0.9731044176628626;	 1.0;	 0.8517460388559327;	 (1.0)
1140.0 ;	 0.3999999999999999;	 0.8763810648623946;	 0.9376435626452739;	 0.9731044176628626;	 1.0;	 0.8517460388559327;	 (1.0)
1170.0 ;	 0.3999999999999999;	 0.8763810648623946;	 0.9376435626452739;	 0.9731044176628626;	 1.0;	 0.8517460388559327;	 (1.0)
1200.0 ;	 0.3999999999999999;	 0.8763810648623946;	 0.9376435626452739;	 0.9731044176628626;	 1.0;	 0.8517460388559327;	 (1.0)
1230.0 ;	 0.3999999999999999;	 0.8763810648623946;	 0.9376435626452739;	 0.9731044176628626;	 1.0;	 0.8517460388559327;	 (1.0)
1260.0 ;	 0.3999999999999999;	 0.8763810648623946;	 0.9376435626452739;	 0.9731044176628626;	 1.0;	 0.8517460388559327;	 (1.0)
1290.0 ;	 0.3999999999999999;	 0.8763810648623946;	 0.9376435626452739;	 0.9731044176628626;	 1.0;	 0.8517460388559327;	 (1.0)
1320.0 ;	 0.3999999999999999;	 0.8763810648623946;	 0.9376435626452739;	 0.9731044176628626;	 1.0;	 0.8517460388559327;	 (1.0)
1350.0 ;	 0.3999999999999999;	 0.8763810648623946;	 0.9376435626452739;	 0.9731044176628626;	 1.0;	 0.8517460388559327;	 (1.0)
1380.0 ;	 0.3999999999999999;	 0.8763810648623946;	 0.937987156768645;	 0.9731044176628626;	 1.0;	 0.8520580621300677;	 (1.0)
1410.0 ;	 0.3999999999999999;	 0.8763810648623946;	 0.937987156768645;	 0.9731044176628626;	 1.0;	 0.8520764112790367;	 (1.0)
1440.0 ;	 0.3999999999999999;	 0.8763810648623946;	 0.937987156768645;	 0.9731044176628626;	 1.0;	 0.8520827285619742;	 (1.0)
1470.0 ;	 0.3999999999999999;	 0.8763810648623946;	 0.937987156768645;	 0.9732911031248481;	 1.0;	 0.8521501483712214;	 (1.0)
1500.0 ;	 0.3999999999999999;	 0.8763810648623946;	 0.937987156768645;	 0.9732911031248481;	 1.0;	 0.8521501506652936;	 (1.0)
1530.0 ;	 0.3999999999999999;	 0.8763810648623946;	 0.937987156768645;	 0.9732911031248481;	 1.0;	 0.8521501891336697;	 (1.0)
1560.0 ;	 0.3999999999999999;	 0.8763810648623946;	 0.937987156768645;	 0.9732911031248481;	 1.0;	 0.8521501988562495;	 (1.0)
1590.0 ;	 0.3999999999999999;	 0.8763810648623946;	 0.937987156768645;	 0.9732911031248481;	 1.0;	 0.8521501988861615;	 (1.0)
1620.0 ;	 0.3999999999999999;	 0.8763810648623946;	 0.937987156768645;	 0.9732911031248481;	 1.0;	 0.8521501988861662;	 (1.0)
1650.0 ;	 0.3999999999999999;	 0.8763810648623946;	 0.937987156768645;	 0.9732911031248481;	 1.0;	 0.8521502111734628;	 (1.0)
1680.0 ;	 0.3999999999999999;	 0.8763810648623946;	 0.937987156768645;	 0.9732911031248481;	 1.0;	 0.852151107716086;	 (1.0)
1710.0 ;	 0.3999999999999999;	 0.8763810648623946;	 0.937987156768645;	 0.9732911031248481;	 1.0;	 0.852151107716086;	 (1.0)
1740.0 ;	 0.3999999999999999;	 0.8763810648623946;	 0.937987156768645;	 0.9732911031248481;	 1.0;	 0.852151107716086;	 (1.0)
1770.0 ;	 0.3999999999999999;	 0.8763810648623946;	 0.937987156768645;	 0.9732911031248481;	 1.0;	 0.852151110875376;	 (1.0)
1800.0 ;	 0.3999999999999999;	 0.8763810648623946;	 0.937987156768645;	 0.9732911031248481;	 1.0;	 0.8521511108753775;	 (1.0)
1830.0 ;	 0.3999999999999999;	 0.8763810648623946;	 0.937987156768645;	 0.9732911031248481;	 1.0;	 0.8521511108753778;	 (1.0)
1860.0 ;	 0.3999999999999999;	 0.8763810648623946;	 0.937987156768645;	 0.9732911031248481;	 1.0;	 0.8521511108753778;	 (1.0)
1890.0 ;	 0.3999999999999999;	 0.8735455667218347;	 0.937987156768645;	 0.9732911031248481;	 1.0;	 0.8524836853537346;	 (1.0)
1920.0 ;	 0.3999999999999999;	 0.8735455667218347;	 0.937987156768645;	 0.9732911031248481;	 1.0;	 0.8524836853537346;	 (1.0)
1950.0 ;	 0.3999999999999999;	 0.8735455667218347;	 0.937987156768645;	 0.9732911031248481;	 1.0;	 0.8524836853537346;	 (1.0)
1980.0 ;	 0.3999999999999999;	 0.8735455667218347;	 0.937987156768645;	 0.9732911031248481;	 1.0;	 0.8524836853537346;	 (1.0)
2010.0 ;	 0.3999999999999999;	 0.8735455667218347;	 0.937987156768645;	 0.9732911031248481;	 1.0;	 0.8524836853537346;	 (1.0)
2040.0 ;	 0.3999999999999999;	 0.8735455667218347;	 0.937987156768645;	 0.9732911031248481;	 1.0;	 0.8524836853537346;	 (1.0)
2070.0 ;	 0.3999999999999999;	 0.8735455667218347;	 0.937987156768645;	 0.9732911031248481;	 1.0;	 0.8524836853583647;	 (1.0)
2100.0 ;	 0.3999999999999999;	 0.8735455667218347;	 0.937987156768645;	 0.9732911031248481;	 1.0;	 0.8524836853583647;	 (1.0)
2130.0 ;	 0.3999999999999999;	 0.8735455667218347;	 0.937987156768645;	 0.9732911031248481;	 1.0;	 0.8524836853583647;	 (1.0)
2160.0 ;	 0.3999999999999999;	 0.8735455667218347;	 0.937987156768645;	 0.9732911031248481;	 1.0;	 0.8524836853583647;	 (1.0)
2190.0 ;	 0.3999999999999999;	 0.8735455667218347;	 0.937987156768645;	 0.9732911031248481;	 1.0;	 0.8524836853583647;	 (1.0)
2220.0 ;	 0.3999999999999999;	 0.8735455667218347;	 0.937987156768645;	 0.9732911031248481;	 1.0;	 0.8524836853583647;	 (1.0)
2250.0 ;	 0.3999999999999999;	 0.8735455667218347;	 0.937987156768645;	 0.9732911031248481;	 1.0;	 0.8524836853583647;	 (1.0)
2280.0 ;	 0.3999999999999999;	 0.8735455667218347;	 0.937987156768645;	 0.9732911031248481;	 1.0;	 0.8524836853583647;	 (1.0)
2310.0 ;	 0.3999999999999999;	 0.8735455667218347;	 0.937987156768645;	 0.9732911031248481;	 1.0;	 0.8524836853583647;	 (1.0)
2340.0 ;	 0.3999999999999999;	 0.8735455667218347;	 0.937987156768645;	 0.9732911031248481;	 1.0;	 0.8524836853583647;	 (1.0)
2370.0 ;	 0.3999999999999999;	 0.8735455667218347;	 0.937987156768645;	 0.9732911031248481;	 1.0;	 0.8524836853583647;	 (1.0)
2400.0 ;	 0.3999999999999999;	 0.8735455667218347;	 0.937987156768645;	 0.9732911031248481;	 1.0;	 0.8524836853583647;	 (1.0)
2430.0 ;	 0.3999999999999999;	 0.8735455667218347;	 0.937987156768645;	 0.9732911031248481;	 1.0;	 0.8524836853583647;	 (1.0)
2460.0 ;	 0.3999999999999999;	 0.8735455667218347;	 0.937987156768645;	 0.9732911031248481;	 1.0;	 0.8524836853583647;	 (1.0)
2490.0 ;	 0.3999999999999999;	 0.8735455667218347;	 0.937987156768645;	 0.9732911031248481;	 1.0;	 0.8524836853583647;	 (1.0)
2520.0 ;	 0.3999999999999999;	 0.8735455667218347;	 0.937987156768645;	 0.9732911031248481;	 1.0;	 0.8524836853583647;	 (1.0)
2550.0 ;	 0.3999999999999999;	 0.8735455667218347;	 0.937987156768645;	 0.9732911031248481;	 1.0;	 0.8524836853583647;	 (1.0)
2580.0 ;	 0.3999999999999999;	 0.8735455667218347;	 0.937987156768645;	 0.9732911031248481;	 1.0;	 0.8524836853583647;	 (1.0)
2610.0 ;	 0.3999999999999999;	 0.8735455667218347;	 0.937987156768645;	 0.9732911031248481;	 1.0;	 0.8524836853583647;	 (1.0)
2640.0 ;	 0.3999999999999999;	 0.8735455667218347;	 0.937987156768645;	 0.9732911031248481;	 1.0;	 0.8524836853583647;	 (1.0)
2670.0 ;	 0.3999999999999999;	 0.8735455667218347;	 0.937987156768645;	 0.9732911031248481;	 1.0;	 0.8558426441057956;	 (1.5883333333333334)
2700.0 ;	 0.3999999999999999;	 0.8735455667218347;	 0.937987156768645;	 0.9732911031248481;	 1.0;	 0.8524836853583647;	 (1.0)


t (seconds);	 survie : moyenne ponderee des (wi, mort/vivant) ;	 percent of agent aggregated=
0.0 ;	 1.0;	 (2.0)
30.0 ;	 1.0;	 (1.0)
60.0 ;	 1.0;	 (1.0)
90.0 ;	 1.0;	 (1.0)
120.0 ;	 1.0;	 (1.0)
150.0 ;	 1.0;	 (1.0)
180.0 ;	 1.0;	 (1.0)
210.0 ;	 1.0;	 (1.0)
240.0 ;	 1.0;	 (1.0)
270.0 ;	 1.0;	 (1.0)
300.0 ;	 1.0;	 (1.0)
330.0 ;	 1.0;	 (1.0)
360.0 ;	 1.0;	 (1.0)
390.0 ;	 1.0;	 (1.0)
420.0 ;	 1.0;	 (1.0)
450.0 ;	 1.0;	 (1.0)
480.0 ;	 1.0;	 (1.0)
510.0 ;	 1.0;	 (1.0)
540.0 ;	 1.0;	 (1.0)
570.0 ;	 1.0;	 (1.0)
600.0 ;	 1.0;	 (1.0)
630.0 ;	 1.0;	 (1.0)
660.0 ;	 1.0;	 (1.0)
690.0 ;	 1.0;	 (1.0)
720.0 ;	 1.0;	 (1.0)
750.0 ;	 1.0;	 (1.0)
780.0 ;	 1.0;	 (1.0)
810.0 ;	 1.0;	 (1.0)
840.0 ;	 1.0;	 (1.0)
870.0 ;	 1.0;	 (1.0)
900.0 ;	 1.0;	 (1.0)
930.0 ;	 1.0;	 (1.0)
960.0 ;	 1.0;	 (1.0)
990.0 ;	 1.0;	 (1.0)
1020.0 ;	 1.0;	 (1.0)
1050.0 ;	 1.0;	 (1.0)
1080.0 ;	 1.0;	 (1.0)
1110.0 ;	 1.0;	 (1.0)
1140.0 ;	 1.0;	 (1.0)
1170.0 ;	 1.0;	 (1.0)
1200.0 ;	 1.0;	 (1.0)
1230.0 ;	 1.0;	 (1.0)
1260.0 ;	 1.0;	 (1.0)
1290.0 ;	 1.0;	 (1.0)
1320.0 ;	 1.0;	 (1.0)
1350.0 ;	 1.0;	 (1.0)
1380.0 ;	 1.0;	 (1.0)
1410.0 ;	 1.0;	 (1.0)
1440.0 ;	 1.0;	 (1.0)
1470.0 ;	 1.0;	 (1.0)
1500.0 ;	 1.0;	 (1.0)
1530.0 ;	 1.0;	 (1.0)
1560.0 ;	 1.0;	 (1.0)
1590.0 ;	 1.0;	 (1.0)
1620.0 ;	 1.0;	 (1.0)
1650.0 ;	 1.0;	 (1.0)
1680.0 ;	 1.0;	 (1.0)
1710.0 ;	 1.0;	 (1.0)
1740.0 ;	 1.0;	 (1.0)
1770.0 ;	 1.0;	 (1.0)
1800.0 ;	 1.0;	 (1.0)
1830.0 ;	 1.0;	 (1.0)
1860.0 ;	 1.0;	 (1.0)
1890.0 ;	 1.0;	 (1.0)
1920.0 ;	 1.0;	 (1.0)
1950.0 ;	 1.0;	 (1.0)
1980.0 ;	 1.0;	 (1.0)
2010.0 ;	 1.0;	 (1.0)
2040.0 ;	 1.0;	 (1.0)
2070.0 ;	 1.0;	 (1.0)
2100.0 ;	 1.0;	 (1.0)
2130.0 ;	 1.0;	 (1.0)
2160.0 ;	 1.0;	 (1.0)
2190.0 ;	 1.0;	 (1.0)
2220.0 ;	 1.0;	 (1.0)
2250.0 ;	 1.0;	 (1.0)
2280.0 ;	 1.0;	 (1.0)
2310.0 ;	 1.0;	 (1.0)
2340.0 ;	 1.0;	 (1.0)
2370.0 ;	 1.0;	 (1.0)
2400.0 ;	 1.0;	 (1.0)
2430.0 ;	 1.0;	 (1.0)
2460.0 ;	 1.0;	 (1.0)
2490.0 ;	 1.0;	 (1.0)
2520.0 ;	 1.0;	 (1.0)
2550.0 ;	 1.0;	 (1.0)
2580.0 ;	 1.0;	 (1.0)
2610.0 ;	 1.0;	 (1.0)
2640.0 ;	 1.0;	 (1.0)
2670.0 ;	 1.0;	 (1.5883333333333334)
2700.0 ;	 1.0;	 (1.0)


First Replication Time min;	 First Replication Time firstTercile;	 First Replication Time  mediane;	  First Replication Time lastTercile;	 First Replication Time  max ;	 First Replication Time prod ;	 First Replication Time mean ;	 percent of agent aggregated=
606.0;	 39390.0;	 239741.0;	 438197.0;	 2087713.0;	 1.0;	 484041.2611111111;	 1.0


Time Since Last Action min;	 Time Since Last Action firstTercile;	 Time Since Last Action  mediane;	  Time Since Last Action lastTercile;	 Time Since Last Action  max ;	 Time Since Last Action prod ;	 Time Since Last Action mean ;	 percent of agent aggregated=
606.0;	 39390.0;	 239741.0;	 438197.0;	 2087713.0;	 1.0;	 484041.2611111111;	 1.0


State Modif number min;	 State Modif number firstTercile;	 State Modif number  mediane;	  State Modif number lastTercile;	 State Modif number  max ;	 State Modif number prod ;	 State Modif number mean ;	 percent of agent aggregated=
1.0;	 4.0;	 6.0;	 7.0;	 10.0;	 1.0;	 4.438888888888889;	 1.0


t (seconds);	 charge min;	 charge firstTercile;	 charge  mediane;	  charge lastTercile;	 charge  max ;	 charge mean ;	 percent of agent aggregated=
0.0 ;	 0.0;	 0.7718418687343365;	 0.948395509656858;	 0.9735542368862854;	 0.9998095735302743;	 0.7961924286005196;	 (1.9777777777777779)
30.0 ;	 0.9256961110519377;	 0.9810140038302361;	 0.9895614021658389;	 0.9937292910026244;	 0.999972484362205;	 0.9844553675087936;	 (0.9777777777777777)
60.0 ;	 0.9256961110519377;	 0.9810140038302361;	 0.9895614021658389;	 0.9937292910026244;	 0.999972484362205;	 0.9844553675087936;	 (0.9777777777777777)
90.0 ;	 0.9256961110519377;	 0.9810140038302361;	 0.9895614021658389;	 0.9937292910026244;	 0.999972484362205;	 0.9844553675087936;	 (0.9777777777777777)
120.0 ;	 0.9256961110519377;	 0.9810140038302361;	 0.9895614021658389;	 0.9937292910026244;	 0.999972484362205;	 0.9844553675087936;	 (0.9777777777777777)
150.0 ;	 0.9256961110519377;	 0.9821159931792259;	 0.9895614021658389;	 0.9937292910026244;	 0.999972484362205;	 0.9844844407130187;	 (0.9833333333333333)
180.0 ;	 0.9256961110519377;	 0.9821159931792259;	 0.9895614021658389;	 0.9937292910026244;	 0.999972484362205;	 0.9844844407130187;	 (0.9833333333333333)
210.0 ;	 0.9256961110519377;	 0.9823724312709016;	 0.9896013246565794;	 0.9938383653853519;	 0.999972484362205;	 0.9846322687895063;	 (0.9833333333333333)
240.0 ;	 0.9256961110519377;	 0.9832509587687337;	 0.9896174134901208;	 0.9938305818644415;	 0.999972484362205;	 0.984619750014027;	 (0.9888888888888889)
270.0 ;	 0.9256961110519377;	 0.9832509587687337;	 0.9896174134901208;	 0.9938305818644415;	 0.999972484362205;	 0.9845906047160036;	 (0.9888888888888889)
300.0 ;	 0.9256961110519377;	 0.9836794972216983;	 0.9896174134901208;	 0.9938383653853519;	 0.999972484362205;	 0.9847749806819817;	 (0.9833333333333333)
330.0 ;	 0.9256961110519377;	 0.9832509587687337;	 0.9896174134901208;	 0.9938305818644415;	 0.999972484362205;	 0.984619750014027;	 (0.9888888888888889)
360.0 ;	 0.9414735226108455;	 0.9853585484045193;	 0.9899396977235825;	 0.9941447921531993;	 0.999972484362205;	 0.9862505726449814;	 (0.9944444444444445)
390.0 ;	 0.9414735226108455;	 0.9857664759079734;	 0.9899396977235825;	 0.9941447921531993;	 0.999972484362205;	 0.9866731736614415;	 (0.9944444444444445)
420.0 ;	 0.9479047883497007;	 0.9872595822033939;	 0.9915826320508814;	 0.9951340529666729;	 0.999972484362205;	 0.9882510213466394;	 (0.9944444444444445)
450.0 ;	 0.9479047883497007;	 0.9872595822033939;	 0.9915826320508814;	 0.9952170402688552;	 0.999972484362205;	 0.9884047891206155;	 (0.9944444444444445)
480.0 ;	 0.9479047883497007;	 0.9872595822033939;	 0.9915826320508814;	 0.9952170402688552;	 0.999972484362205;	 0.9884065597474094;	 (0.9944444444444445)
510.0 ;	 0.9479047883497007;	 0.9872595822033939;	 0.9915826320508814;	 0.9952170402688552;	 0.999972484362205;	 0.9884065597474094;	 (0.9944444444444445)
540.0 ;	 0.9479047883497007;	 0.9872595822033939;	 0.9915826320508814;	 0.9952170402688552;	 0.999972484362205;	 0.9884065597474094;	 (0.9944444444444445)
570.0 ;	 0.9479047883497007;	 0.9872595822033939;	 0.9915826320508814;	 0.9952170402688552;	 0.999972484362205;	 0.9884065597474094;	 (0.9944444444444445)
600.0 ;	 0.9479047883497007;	 0.9872595822033939;	 0.9915826320508814;	 0.9952170402688552;	 0.999972484362205;	 0.9884065597474094;	 (0.9944444444444445)
630.0 ;	 0.9479047883497007;	 0.9872595822033939;	 0.9915826320508814;	 0.9952170402688552;	 0.999972484362205;	 0.9884065597474094;	 (0.9944444444444445)
660.0 ;	 0.9479047883497007;	 0.9872595822033939;	 0.9915826320508814;	 0.9952170402688552;	 0.999972484362205;	 0.9884065597474094;	 (0.9944444444444445)
690.0 ;	 0.9479047883497007;	 0.9872595822033939;	 0.9915826320508814;	 0.9952170402688552;	 0.999972484362205;	 0.9884065597474094;	 (0.9944444444444445)
720.0 ;	 0.9479047883497007;	 0.9872595822033939;	 0.9915826320508814;	 0.9952170402688552;	 0.999972484362205;	 0.9884065597474094;	 (0.9944444444444445)
750.0 ;	 0.9479047883497007;	 0.9872595822033939;	 0.9915826320508814;	 0.9952170402688552;	 0.999972484362205;	 0.9884065597474094;	 (0.9944444444444445)
780.0 ;	 0.9479047883497007;	 0.9872595822033939;	 0.9915826320508814;	 0.9952170402688552;	 0.999972484362205;	 0.988264032869655;	 (1.0)
810.0 ;	 0.9479047883497007;	 0.9872595822033939;	 0.9915826320508814;	 0.9952170402688552;	 0.999972484362205;	 0.9884065597474094;	 (0.9944444444444445)
840.0 ;	 0.9479047883497007;	 0.9872595822033939;	 0.9915826320508814;	 0.9952170402688552;	 0.999972484362205;	 0.9884065597474094;	 (0.9944444444444445)
870.0 ;	 0.9479047883497007;	 0.9872595822033939;	 0.9915826320508814;	 0.9952170402688552;	 0.999972484362205;	 0.9884065597474094;	 (0.9944444444444445)
900.0 ;	 0.9479047883497007;	 0.9872595822033939;	 0.9915826320508814;	 0.9952170402688552;	 0.999972484362205;	 0.9884065597474094;	 (0.9944444444444445)
930.0 ;	 0.9479047883497007;	 0.9872595822033939;	 0.9915826320508814;	 0.9952170402688552;	 0.999972484362205;	 0.9884065597474094;	 (0.9944444444444445)
960.0 ;	 0.9479047883497007;	 0.9872595822033939;	 0.9915826320508814;	 0.9952170402688552;	 0.999972484362205;	 0.9884065597474094;	 (0.9944444444444445)
990.0 ;	 0.9479047883497007;	 0.9872595822033939;	 0.9915826320508814;	 0.9952170402688552;	 0.999972484362205;	 0.9884065597474094;	 (0.9944444444444445)
1020.0 ;	 0.9479047883497007;	 0.9872595822033939;	 0.9915826320508814;	 0.9952170402688552;	 0.999972484362205;	 0.9884065597474094;	 (0.9944444444444445)
1050.0 ;	 0.9479047883497007;	 0.9872595822033939;	 0.9915826320508814;	 0.9952170402688552;	 0.999972484362205;	 0.9884065597474094;	 (0.9944444444444445)
1080.0 ;	 0.9479047883497007;	 0.9872595822033939;	 0.9915826320508814;	 0.9952170402688552;	 0.999972484362205;	 0.9884065597474094;	 (0.9944444444444445)
1110.0 ;	 0.9479047883497007;	 0.9872595822033939;	 0.9915826320508814;	 0.9952170402688552;	 0.999972484362205;	 0.9884065597474094;	 (0.9944444444444445)
1140.0 ;	 0.9479047883497007;	 0.9872595822033939;	 0.9915826320508814;	 0.9952170402688552;	 0.999972484362205;	 0.9884065597474094;	 (0.9944444444444445)
1170.0 ;	 0.9479047883497007;	 0.9872595822033939;	 0.9915826320508814;	 0.9952170402688552;	 0.999972484362205;	 0.9884065597474094;	 (0.9944444444444445)
1200.0 ;	 0.9479047883497007;	 0.9872595822033939;	 0.9915826320508814;	 0.9952170402688552;	 0.999972484362205;	 0.9884065597474094;	 (0.9944444444444445)
1230.0 ;	 0.9479047883497007;	 0.9872595822033939;	 0.9915826320508814;	 0.9952170402688552;	 0.999972484362205;	 0.9884065597474094;	 (0.9944444444444445)
1260.0 ;	 0.9479047883497007;	 0.9872595822033939;	 0.9915826320508814;	 0.9952170402688552;	 0.999972484362205;	 0.9884065597474094;	 (0.9944444444444445)
1290.0 ;	 0.9479047883497007;	 0.9872595822033939;	 0.9915826320508814;	 0.9952170402688552;	 0.999972484362205;	 0.9884065597474094;	 (0.9944444444444445)
1320.0 ;	 0.9479047883497007;	 0.9872595822033939;	 0.9915826320508814;	 0.9952170402688552;	 0.999972484362205;	 0.9884065597474094;	 (0.9944444444444445)
1350.0 ;	 0.9479047883497007;	 0.9872595822033939;	 0.9915826320508814;	 0.9952170402688552;	 0.999972484362205;	 0.988264032869655;	 (1.0)
1380.0 ;	 0.9479047883497007;	 0.9873613039387032;	 0.9916924126917442;	 0.9956123642643199;	 0.999972484362205;	 0.9885208265959414;	 (1.0)
1410.0 ;	 0.9479047883497007;	 0.9875636205009094;	 0.9916924126917442;	 0.9958041610643136;	 0.999972484362205;	 0.9888680417268618;	 (1.0)
1440.0 ;	 0.9551223199862028;	 0.9877348793744897;	 0.9917360616478411;	 0.9960641824507207;	 0.999972484362205;	 0.989288229647118;	 (1.0)
1470.0 ;	 0.9551223199862028;	 0.9879783483756162;	 0.9917993193423635;	 0.9962183394857576;	 0.999972484362205;	 0.989382865406741;	 (1.0)
1500.0 ;	 0.9551223199862028;	 0.9880837735237299;	 0.9918976822503865;	 0.9962727806340372;	 0.999972484362205;	 0.9894971336130052;	 (1.0)
1530.0 ;	 0.9551223199862028;	 0.9880837735237299;	 0.9918976822503865;	 0.9962727806340372;	 0.999972484362205;	 0.9894971336130052;	 (1.0)
1560.0 ;	 0.9551223199862028;	 0.9880929548121749;	 0.9918976822503865;	 0.9962727806340372;	 0.999972484362205;	 0.9896072280908866;	 (1.0)
1590.0 ;	 0.9551223199862028;	 0.9881415013667226;	 0.992139970640533;	 0.9962727806340372;	 0.999972484362205;	 0.989756028294598;	 (1.0)
1620.0 ;	 0.9551223199862028;	 0.9884979555132363;	 0.9921912415929847;	 0.9962727806340372;	 0.999972484362205;	 0.9898571515739819;	 (1.0)
1650.0 ;	 0.9551223199862028;	 0.9884979555132363;	 0.9921912415929847;	 0.9963419085305617;	 0.999972484362205;	 0.9898591876667544;	 (1.0)
1680.0 ;	 0.9551223199862028;	 0.9884979555132363;	 0.9921912415929847;	 0.9963419085305617;	 0.999972484362205;	 0.9898612230767695;	 (1.0)
1710.0 ;	 0.9551223199862028;	 0.9884979555132363;	 0.9921912415929847;	 0.9963419085305617;	 0.999972484362205;	 0.9898612230767695;	 (1.0)
1740.0 ;	 0.9551223199862028;	 0.9884979555132363;	 0.9921912415929847;	 0.9963419085305617;	 0.999972484362205;	 0.9898612230767695;	 (1.0)
1770.0 ;	 0.9551223199862028;	 0.9886442048650149;	 0.9921912415929847;	 0.9963419085305617;	 0.999972484362205;	 0.9898628151677579;	 (1.0)
1800.0 ;	 0.9551223199862028;	 0.9886455016399376;	 0.9925124224469698;	 0.9963594816500472;	 0.999972484362205;	 0.9900528005794993;	 (1.0)
1830.0 ;	 0.9551223199862028;	 0.9887845318911361;	 0.9926100077279606;	 0.9963594816500472;	 0.999972484362205;	 0.9901428994737652;	 (1.0)
1860.0 ;	 0.9551223199862028;	 0.9887845318911361;	 0.9926100077279606;	 0.9963594816500472;	 0.999972484362205;	 0.9901428994737652;	 (1.0)
1890.0 ;	 0.9571441040199258;	 0.9888347534362767;	 0.9927871840261766;	 0.9964306791497635;	 0.999972484362205;	 0.990518204049443;	 (1.0)
1920.0 ;	 0.9571441040199258;	 0.9888347534362767;	 0.9927871840261766;	 0.9964306791497635;	 0.999972484362205;	 0.990518204049443;	 (1.0)
1950.0 ;	 0.9571441040199258;	 0.9888347534362767;	 0.9927871840261766;	 0.9964306791497635;	 0.999972484362205;	 0.9905198097325053;	 (1.0)
1980.0 ;	 0.9571441040199258;	 0.9888347534362767;	 0.9927871840261766;	 0.9964306791497635;	 0.999972484362205;	 0.9905198097325053;	 (1.0)
2010.0 ;	 0.9571441040199258;	 0.9888347534362767;	 0.9927871840261766;	 0.9964306791497635;	 0.999972484362205;	 0.9905198097325053;	 (1.0)
2040.0 ;	 0.9589581892582936;	 0.9888347534362767;	 0.9927871840261766;	 0.9964306791497635;	 0.999972484362205;	 0.9906826717103755;	 (1.0)
2070.0 ;	 0.9589581892582936;	 0.9888347534362767;	 0.9927871840261766;	 0.9964306791497635;	 0.999972484362205;	 0.990684171917695;	 (1.0)
2100.0 ;	 0.9589581892582936;	 0.9888347534362767;	 0.9927871840261766;	 0.9964306791497635;	 0.999972484362205;	 0.990684171917695;	 (1.0)
2130.0 ;	 0.9589581892582936;	 0.9888347534362767;	 0.9927871840261766;	 0.9964306791497635;	 0.999972484362205;	 0.990684171917695;	 (1.0)
2160.0 ;	 0.9589581892582936;	 0.9888347534362767;	 0.9927871840261766;	 0.9964306791497635;	 0.999972484362205;	 0.990684171917695;	 (1.0)
2190.0 ;	 0.9589581892582936;	 0.9888347534362767;	 0.9927871840261766;	 0.9964306791497635;	 0.999972484362205;	 0.990684171917695;	 (1.0)
2220.0 ;	 0.9589581892582936;	 0.9888347534362767;	 0.9927871840261766;	 0.9964306791497635;	 0.999972484362205;	 0.990684171917695;	 (1.0)
2250.0 ;	 0.9589581892582936;	 0.9888347534362767;	 0.9927871840261766;	 0.9964306791497635;	 0.999972484362205;	 0.990684171917695;	 (1.0)
2280.0 ;	 0.9589581892582936;	 0.9888347534362767;	 0.9927871840261766;	 0.9964306791497635;	 0.999972484362205;	 0.990684171917695;	 (1.0)
2310.0 ;	 0.9589581892582936;	 0.9888347534362767;	 0.9927871840261766;	 0.9964306791497635;	 0.999972484362205;	 0.990684171917695;	 (1.0)
2340.0 ;	 0.9589581892582936;	 0.9888347534362767;	 0.9927871840261766;	 0.9964306791497635;	 0.999972484362205;	 0.990684171917695;	 (1.0)
2370.0 ;	 0.9589581892582936;	 0.9888347534362767;	 0.9927871840261766;	 0.9964306791497635;	 0.999972484362205;	 0.990684171917695;	 (1.0)
2400.0 ;	 0.9589581892582936;	 0.9888347534362767;	 0.9927871840261766;	 0.9964306791497635;	 0.999972484362205;	 0.990684171917695;	 (1.0)
2430.0 ;	 0.9589581892582936;	 0.9888347534362767;	 0.9927871840261766;	 0.9964306791497635;	 0.999972484362205;	 0.990684171917695;	 (1.0)
2460.0 ;	 0.9589581892582936;	 0.9888347534362767;	 0.9927871840261766;	 0.9964306791497635;	 0.999972484362205;	 0.990684171917695;	 (1.0)
2490.0 ;	 0.9589581892582936;	 0.9888347534362767;	 0.9927871840261766;	 0.9964306791497635;	 0.999972484362205;	 0.990684171917695;	 (1.0)
2520.0 ;	 0.9589581892582936;	 0.9888347534362767;	 0.9927871840261766;	 0.9964306791497635;	 0.999972484362205;	 0.990684171917695;	 (1.0)
2550.0 ;	 0.9589581892582936;	 0.9888347534362767;	 0.9927871840261766;	 0.9964306791497635;	 0.999972484362205;	 0.990684171917695;	 (1.0)
2580.0 ;	 0.9589581892582936;	 0.9888347534362767;	 0.9927871840261766;	 0.9964306791497635;	 0.999972484362205;	 0.990684171917695;	 (1.0)
2610.0 ;	 0.9589581892582936;	 0.9888347534362767;	 0.9927871840261766;	 0.9964306791497635;	 0.999972484362205;	 0.990684171917695;	 (1.0)
2640.0 ;	 0.9589581892582936;	 0.9888347534362767;	 0.9927871840261766;	 0.9964306791497635;	 0.999972484362205;	 0.990684171917695;	 (1.0)
2670.0 ;	 0.9589581892582936;	 0.9888347534362767;	 0.9927871840261766;	 0.9964306791497635;	 0.999972484362205;	 0.9909671017230504;	 (1.3833333333333333)
2700.0 ;	 0.9589581892582936;	 0.9888347534362767;	 0.9927871840261766;	 0.9964306791497635;	 0.999972484362205;	 0.990684171917695;	 (1.0)


t (seconds);	 agentSaturation min;	 agentSaturation firstTercile;	 agentSaturation  mediane;	  agentSaturation lastTercile;	 agentSaturation  max ;	 agentSaturation mean ;	 percent of agent aggregated=
0.0 ;	 0.005555555555555556;	 0.022222222222222223;	 0.03333333333333333;	 0.03888888888888889;	 0.05555555555555555;	 0.00813888888888901;	 (2.0)
30.0 ;	 0.005555555555555556;	 0.027777777777777776;	 0.03888888888888889;	 0.05;	 0.19444444444444445;	 0.011722222222222191;	 (1.0)
60.0 ;	 0.005555555555555556;	 0.027777777777777776;	 0.03888888888888889;	 0.05;	 0.19444444444444445;	 0.011722222222222191;	 (1.0)
90.0 ;	 0.005555555555555556;	 0.027777777777777776;	 0.03888888888888889;	 0.05;	 0.19444444444444445;	 0.011722222222222191;	 (1.0)
120.0 ;	 0.005555555555555556;	 0.027777777777777776;	 0.03888888888888889;	 0.05;	 0.19444444444444445;	 0.011722222222222191;	 (1.0)
150.0 ;	 0.005555555555555556;	 0.027777777777777776;	 0.03888888888888889;	 0.05;	 0.19444444444444445;	 0.011722222222222191;	 (1.0)
180.0 ;	 0.005555555555555556;	 0.027777777777777776;	 0.03888888888888889;	 0.05;	 0.19444444444444445;	 0.011722222222222191;	 (1.0)
210.0 ;	 0.005555555555555556;	 0.027777777777777776;	 0.03888888888888889;	 0.05;	 0.19444444444444445;	 0.011777777777777746;	 (1.0)
240.0 ;	 0.005555555555555556;	 0.027777777777777776;	 0.03888888888888889;	 0.05;	 0.19444444444444445;	 0.01186111111111108;	 (1.0)
270.0 ;	 0.005555555555555556;	 0.027777777777777776;	 0.03888888888888889;	 0.05;	 0.19444444444444445;	 0.01186111111111108;	 (1.0)
300.0 ;	 0.005555555555555556;	 0.027777777777777776;	 0.03888888888888889;	 0.05;	 0.19444444444444445;	 0.01186111111111108;	 (1.0)
330.0 ;	 0.005555555555555556;	 0.027777777777777776;	 0.03888888888888889;	 0.05;	 0.19444444444444445;	 0.01186111111111108;	 (1.0)
360.0 ;	 0.005555555555555556;	 0.027777777777777776;	 0.03888888888888889;	 0.05;	 0.19444444444444445;	 0.012018518518518486;	 (1.0)
390.0 ;	 0.005555555555555556;	 0.027777777777777776;	 0.03888888888888889;	 0.05;	 0.19444444444444445;	 0.012064814814814783;	 (1.0)
420.0 ;	 0.005555555555555556;	 0.03333333333333333;	 0.044444444444444446;	 0.06111111111111111;	 0.19444444444444445;	 0.012324074074074041;	 (1.0)
450.0 ;	 0.005555555555555556;	 0.027777777777777776;	 0.044444444444444446;	 0.05555555555555555;	 0.19444444444444445;	 0.01244444444444441;	 (1.0)
480.0 ;	 0.005555555555555556;	 0.03333333333333333;	 0.044444444444444446;	 0.06111111111111111;	 0.2;	 0.01245370370370367;	 (1.0)
510.0 ;	 0.005555555555555556;	 0.03333333333333333;	 0.044444444444444446;	 0.06111111111111111;	 0.2;	 0.01245370370370367;	 (1.0)
540.0 ;	 0.005555555555555556;	 0.03333333333333333;	 0.044444444444444446;	 0.06111111111111111;	 0.2;	 0.01245370370370367;	 (1.0)
570.0 ;	 0.005555555555555556;	 0.03333333333333333;	 0.044444444444444446;	 0.06111111111111111;	 0.2;	 0.01245370370370367;	 (1.0)
600.0 ;	 0.005555555555555556;	 0.03333333333333333;	 0.044444444444444446;	 0.06111111111111111;	 0.2;	 0.01245370370370367;	 (1.0)
630.0 ;	 0.005555555555555556;	 0.03333333333333333;	 0.044444444444444446;	 0.06111111111111111;	 0.2;	 0.01245370370370367;	 (1.0)
660.0 ;	 0.005555555555555556;	 0.03333333333333333;	 0.044444444444444446;	 0.06111111111111111;	 0.2;	 0.01245370370370367;	 (1.0)
690.0 ;	 0.005555555555555556;	 0.03333333333333333;	 0.044444444444444446;	 0.06111111111111111;	 0.2;	 0.01245370370370367;	 (1.0)
720.0 ;	 0.005555555555555556;	 0.03333333333333333;	 0.044444444444444446;	 0.06111111111111111;	 0.2;	 0.01245370370370367;	 (1.0)
750.0 ;	 0.005555555555555556;	 0.03333333333333333;	 0.044444444444444446;	 0.06111111111111111;	 0.2;	 0.01245370370370367;	 (1.0)
780.0 ;	 0.005555555555555556;	 0.03333333333333333;	 0.044444444444444446;	 0.06111111111111111;	 0.2;	 0.01245370370370367;	 (1.0)
810.0 ;	 0.005555555555555556;	 0.03333333333333333;	 0.044444444444444446;	 0.06111111111111111;	 0.2;	 0.01245370370370367;	 (1.0)
840.0 ;	 0.005555555555555556;	 0.03333333333333333;	 0.044444444444444446;	 0.06111111111111111;	 0.2;	 0.01245370370370367;	 (1.0)
870.0 ;	 0.005555555555555556;	 0.03333333333333333;	 0.044444444444444446;	 0.06111111111111111;	 0.2;	 0.01245370370370367;	 (1.0)
900.0 ;	 0.005555555555555556;	 0.03333333333333333;	 0.044444444444444446;	 0.06111111111111111;	 0.2;	 0.01245370370370367;	 (1.0)
930.0 ;	 0.005555555555555556;	 0.03333333333333333;	 0.044444444444444446;	 0.06111111111111111;	 0.2;	 0.01245370370370367;	 (1.0)
960.0 ;	 0.005555555555555556;	 0.03333333333333333;	 0.044444444444444446;	 0.06111111111111111;	 0.2;	 0.01245370370370367;	 (1.0)
990.0 ;	 0.005555555555555556;	 0.03333333333333333;	 0.044444444444444446;	 0.06111111111111111;	 0.2;	 0.01245370370370367;	 (1.0)
1020.0 ;	 0.005555555555555556;	 0.03333333333333333;	 0.044444444444444446;	 0.06111111111111111;	 0.2;	 0.01245370370370367;	 (1.0)
1050.0 ;	 0.005555555555555556;	 0.03333333333333333;	 0.044444444444444446;	 0.06111111111111111;	 0.2;	 0.01245370370370367;	 (1.0)
1080.0 ;	 0.005555555555555556;	 0.03333333333333333;	 0.044444444444444446;	 0.06111111111111111;	 0.2;	 0.01245370370370367;	 (1.0)
1110.0 ;	 0.005555555555555556;	 0.03333333333333333;	 0.044444444444444446;	 0.06111111111111111;	 0.2;	 0.01245370370370367;	 (1.0)
1140.0 ;	 0.005555555555555556;	 0.03333333333333333;	 0.044444444444444446;	 0.06111111111111111;	 0.2;	 0.01245370370370367;	 (1.0)
1170.0 ;	 0.005555555555555556;	 0.03333333333333333;	 0.044444444444444446;	 0.06111111111111111;	 0.2;	 0.01245370370370367;	 (1.0)
1200.0 ;	 0.005555555555555556;	 0.03333333333333333;	 0.044444444444444446;	 0.06111111111111111;	 0.2;	 0.01245370370370367;	 (1.0)
1230.0 ;	 0.005555555555555556;	 0.03333333333333333;	 0.044444444444444446;	 0.06111111111111111;	 0.2;	 0.01245370370370367;	 (1.0)
1260.0 ;	 0.005555555555555556;	 0.03333333333333333;	 0.044444444444444446;	 0.06111111111111111;	 0.2;	 0.01245370370370367;	 (1.0)
1290.0 ;	 0.005555555555555556;	 0.03333333333333333;	 0.044444444444444446;	 0.06111111111111111;	 0.2;	 0.01245370370370367;	 (1.0)
1320.0 ;	 0.005555555555555556;	 0.03333333333333333;	 0.044444444444444446;	 0.06111111111111111;	 0.2;	 0.01245370370370367;	 (1.0)
1350.0 ;	 0.005555555555555556;	 0.03333333333333333;	 0.044444444444444446;	 0.06111111111111111;	 0.2;	 0.01245370370370367;	 (1.0)
1380.0 ;	 0.005555555555555556;	 0.03333333333333333;	 0.044444444444444446;	 0.06111111111111111;	 0.22777777777777777;	 0.012537037037037003;	 (1.0)
1410.0 ;	 0.005555555555555556;	 0.03333333333333333;	 0.05;	 0.06666666666666667;	 0.23333333333333334;	 0.012620370370370336;	 (1.0)
1440.0 ;	 0.005555555555555556;	 0.03333333333333333;	 0.05;	 0.06666666666666667;	 0.23333333333333334;	 0.012657407407407372;	 (1.0)
1470.0 ;	 0.005555555555555556;	 0.03333333333333333;	 0.05;	 0.06111111111111111;	 0.23333333333333334;	 0.012712962962962928;	 (1.0)
1500.0 ;	 0.005555555555555556;	 0.03333333333333333;	 0.05;	 0.06111111111111111;	 0.23333333333333334;	 0.012731481481481446;	 (1.0)
1530.0 ;	 0.005555555555555556;	 0.03333333333333333;	 0.05;	 0.06111111111111111;	 0.23333333333333334;	 0.012740740740740705;	 (1.0)
1560.0 ;	 0.005555555555555556;	 0.03333333333333333;	 0.05;	 0.06666666666666667;	 0.23333333333333334;	 0.012759259259259225;	 (1.0)
1590.0 ;	 0.005555555555555556;	 0.03333333333333333;	 0.05;	 0.06666666666666667;	 0.23333333333333334;	 0.012768518518518485;	 (1.0)
1620.0 ;	 0.005555555555555556;	 0.03333333333333333;	 0.05;	 0.06666666666666667;	 0.2388888888888889;	 0.012787037037037003;	 (1.0)
1650.0 ;	 0.005555555555555556;	 0.03333333333333333;	 0.05;	 0.06666666666666667;	 0.2388888888888889;	 0.012796296296296262;	 (1.0)
1680.0 ;	 0.005555555555555556;	 0.03333333333333333;	 0.05;	 0.06666666666666667;	 0.2388888888888889;	 0.012805555555555521;	 (1.0)
1710.0 ;	 0.005555555555555556;	 0.03333333333333333;	 0.05;	 0.06666666666666667;	 0.2388888888888889;	 0.012805555555555521;	 (1.0)
1740.0 ;	 0.005555555555555556;	 0.03333333333333333;	 0.05;	 0.06666666666666667;	 0.2388888888888889;	 0.012805555555555521;	 (1.0)
1770.0 ;	 0.005555555555555556;	 0.03333333333333333;	 0.05;	 0.06111111111111111;	 0.2388888888888889;	 0.01281481481481478;	 (1.0)
1800.0 ;	 0.005555555555555556;	 0.03333333333333333;	 0.05;	 0.06111111111111111;	 0.2388888888888889;	 0.01282407407407404;	 (1.0)
1830.0 ;	 0.005555555555555556;	 0.03333333333333333;	 0.05;	 0.06111111111111111;	 0.2388888888888889;	 0.012833333333333299;	 (1.0)
1860.0 ;	 0.005555555555555556;	 0.03333333333333333;	 0.05;	 0.06111111111111111;	 0.2388888888888889;	 0.012833333333333299;	 (1.0)
1890.0 ;	 0.005555555555555556;	 0.03333333333333333;	 0.05;	 0.06111111111111111;	 0.2388888888888889;	 0.012851851851851817;	 (1.0)
1920.0 ;	 0.005555555555555556;	 0.03333333333333333;	 0.05;	 0.06111111111111111;	 0.2388888888888889;	 0.012851851851851817;	 (1.0)
1950.0 ;	 0.005555555555555556;	 0.03333333333333333;	 0.05;	 0.06111111111111111;	 0.24444444444444444;	 0.012861111111111077;	 (1.0)
1980.0 ;	 0.005555555555555556;	 0.03333333333333333;	 0.05;	 0.06111111111111111;	 0.24444444444444444;	 0.012861111111111077;	 (1.0)
2010.0 ;	 0.005555555555555556;	 0.03333333333333333;	 0.05;	 0.06111111111111111;	 0.24444444444444444;	 0.012861111111111077;	 (1.0)
2040.0 ;	 0.005555555555555556;	 0.03333333333333333;	 0.05;	 0.06111111111111111;	 0.24444444444444444;	 0.012870370370370338;	 (1.0)
2070.0 ;	 0.005555555555555556;	 0.03333333333333333;	 0.05;	 0.07222222222222222;	 0.24444444444444444;	 0.012879629629629597;	 (1.0)
2100.0 ;	 0.005555555555555556;	 0.03333333333333333;	 0.05;	 0.07222222222222222;	 0.24444444444444444;	 0.012879629629629597;	 (1.0)
2130.0 ;	 0.005555555555555556;	 0.03333333333333333;	 0.05;	 0.07222222222222222;	 0.24444444444444444;	 0.012879629629629597;	 (1.0)
2160.0 ;	 0.005555555555555556;	 0.03333333333333333;	 0.05;	 0.07222222222222222;	 0.24444444444444444;	 0.012879629629629597;	 (1.0)
2190.0 ;	 0.005555555555555556;	 0.03333333333333333;	 0.05;	 0.07222222222222222;	 0.24444444444444444;	 0.012879629629629597;	 (1.0)
2220.0 ;	 0.005555555555555556;	 0.03333333333333333;	 0.05;	 0.07222222222222222;	 0.24444444444444444;	 0.012879629629629597;	 (1.0)
2250.0 ;	 0.005555555555555556;	 0.03333333333333333;	 0.05;	 0.07222222222222222;	 0.24444444444444444;	 0.012879629629629597;	 (1.0)
2280.0 ;	 0.005555555555555556;	 0.03333333333333333;	 0.05;	 0.07222222222222222;	 0.24444444444444444;	 0.012879629629629597;	 (1.0)
2310.0 ;	 0.005555555555555556;	 0.03333333333333333;	 0.05;	 0.07222222222222222;	 0.24444444444444444;	 0.012879629629629597;	 (1.0)
2340.0 ;	 0.005555555555555556;	 0.03333333333333333;	 0.05;	 0.07222222222222222;	 0.24444444444444444;	 0.012879629629629597;	 (1.0)
2370.0 ;	 0.005555555555555556;	 0.03333333333333333;	 0.05;	 0.07222222222222222;	 0.24444444444444444;	 0.012879629629629597;	 (1.0)
2400.0 ;	 0.005555555555555556;	 0.03333333333333333;	 0.05;	 0.07222222222222222;	 0.24444444444444444;	 0.012879629629629597;	 (1.0)
2430.0 ;	 0.005555555555555556;	 0.03333333333333333;	 0.05;	 0.07222222222222222;	 0.24444444444444444;	 0.012879629629629597;	 (1.0)
2460.0 ;	 0.005555555555555556;	 0.03333333333333333;	 0.05;	 0.07222222222222222;	 0.24444444444444444;	 0.012879629629629597;	 (1.0)
2490.0 ;	 0.005555555555555556;	 0.03333333333333333;	 0.05;	 0.07222222222222222;	 0.24444444444444444;	 0.012879629629629597;	 (1.0)
2520.0 ;	 0.005555555555555556;	 0.03333333333333333;	 0.05;	 0.07222222222222222;	 0.24444444444444444;	 0.012879629629629597;	 (1.0)
2550.0 ;	 0.005555555555555556;	 0.03333333333333333;	 0.05;	 0.07222222222222222;	 0.24444444444444444;	 0.012879629629629597;	 (1.0)
2580.0 ;	 0.005555555555555556;	 0.03333333333333333;	 0.05;	 0.07222222222222222;	 0.24444444444444444;	 0.012879629629629597;	 (1.0)
2610.0 ;	 0.005555555555555556;	 0.03333333333333333;	 0.05;	 0.07222222222222222;	 0.24444444444444444;	 0.012879629629629597;	 (1.0)
2640.0 ;	 0.005555555555555556;	 0.03333333333333333;	 0.05;	 0.07222222222222222;	 0.24444444444444444;	 0.012879629629629597;	 (1.0)
2670.0 ;	 0.005555555555555556;	 0.03333333333333333;	 0.05;	 0.07222222222222222;	 0.24444444444444444;	 0.012970735688469364;	 (1.5883333333333334)
2700.0 ;	 0.005555555555555556;	 0.03333333333333333;	 0.05;	 0.07222222222222222;	 0.24444444444444444;	 0.012879629629629597;	 (1.0)


t (seconds);	 percent of hosts that are alive ;	 percent of agent aggregated=
0.0 ;	 1.0;	 (1.9777777777777779)
30.0 ;	 1.0;	 (0.9777777777777777)
60.0 ;	 1.0;	 (0.9777777777777777)
90.0 ;	 1.0;	 (0.9777777777777777)
120.0 ;	 1.0;	 (0.9777777777777777)
150.0 ;	 1.0;	 (0.9833333333333333)
180.0 ;	 1.0;	 (0.9833333333333333)
210.0 ;	 1.0;	 (0.9833333333333333)
240.0 ;	 1.0;	 (0.9888888888888889)
270.0 ;	 1.0;	 (0.9888888888888889)
300.0 ;	 1.0;	 (0.9833333333333333)
330.0 ;	 1.0;	 (0.9888888888888889)
360.0 ;	 1.0;	 (0.9944444444444445)
390.0 ;	 1.0;	 (0.9944444444444445)
420.0 ;	 1.0;	 (0.9944444444444445)
450.0 ;	 1.0;	 (0.9944444444444445)
480.0 ;	 1.0;	 (0.9944444444444445)
510.0 ;	 1.0;	 (0.9944444444444445)
540.0 ;	 1.0;	 (0.9944444444444445)
570.0 ;	 1.0;	 (0.9944444444444445)
600.0 ;	 1.0;	 (0.9944444444444445)
630.0 ;	 1.0;	 (0.9944444444444445)
660.0 ;	 1.0;	 (0.9944444444444445)
690.0 ;	 1.0;	 (0.9944444444444445)
720.0 ;	 1.0;	 (0.9944444444444445)
750.0 ;	 1.0;	 (0.9944444444444445)
780.0 ;	 1.0;	 (1.0)
810.0 ;	 1.0;	 (0.9944444444444445)
840.0 ;	 1.0;	 (0.9944444444444445)
870.0 ;	 1.0;	 (0.9944444444444445)
900.0 ;	 1.0;	 (0.9944444444444445)
930.0 ;	 1.0;	 (0.9944444444444445)
960.0 ;	 1.0;	 (0.9944444444444445)
990.0 ;	 1.0;	 (0.9944444444444445)
1020.0 ;	 1.0;	 (0.9944444444444445)
1050.0 ;	 1.0;	 (0.9944444444444445)
1080.0 ;	 1.0;	 (0.9944444444444445)
1110.0 ;	 1.0;	 (0.9944444444444445)
1140.0 ;	 1.0;	 (0.9944444444444445)
1170.0 ;	 1.0;	 (0.9944444444444445)
1200.0 ;	 1.0;	 (0.9944444444444445)
1230.0 ;	 1.0;	 (0.9944444444444445)
1260.0 ;	 1.0;	 (0.9944444444444445)
1290.0 ;	 1.0;	 (0.9944444444444445)
1320.0 ;	 1.0;	 (0.9944444444444445)
1350.0 ;	 1.0;	 (1.0)
1380.0 ;	 1.0;	 (1.0)
1410.0 ;	 1.0;	 (1.0)
1440.0 ;	 1.0;	 (1.0)
1470.0 ;	 1.0;	 (1.0)
1500.0 ;	 1.0;	 (1.0)
1530.0 ;	 1.0;	 (1.0)
1560.0 ;	 1.0;	 (1.0)
1590.0 ;	 1.0;	 (1.0)
1620.0 ;	 1.0;	 (1.0)
1650.0 ;	 1.0;	 (1.0)
1680.0 ;	 1.0;	 (1.0)
1710.0 ;	 1.0;	 (1.0)
1740.0 ;	 1.0;	 (1.0)
1770.0 ;	 1.0;	 (1.0)
1800.0 ;	 1.0;	 (1.0)
1830.0 ;	 1.0;	 (1.0)
1860.0 ;	 1.0;	 (1.0)
1890.0 ;	 1.0;	 (1.0)
1920.0 ;	 1.0;	 (1.0)
1950.0 ;	 1.0;	 (1.0)
1980.0 ;	 1.0;	 (1.0)
2010.0 ;	 1.0;	 (1.0)
2040.0 ;	 1.0;	 (1.0)
2070.0 ;	 1.0;	 (1.0)
2100.0 ;	 1.0;	 (1.0)
2130.0 ;	 1.0;	 (1.0)
2160.0 ;	 1.0;	 (1.0)
2190.0 ;	 1.0;	 (1.0)
2220.0 ;	 1.0;	 (1.0)
2250.0 ;	 1.0;	 (1.0)
2280.0 ;	 1.0;	 (1.0)
2310.0 ;	 1.0;	 (1.0)
2340.0 ;	 1.0;	 (1.0)
2370.0 ;	 1.0;	 (1.0)
2400.0 ;	 1.0;	 (1.0)
2430.0 ;	 1.0;	 (1.0)
2460.0 ;	 1.0;	 (1.0)
2490.0 ;	 1.0;	 (1.0)
2520.0 ;	 1.0;	 (1.0)
2550.0 ;	 1.0;	 (1.0)
2580.0 ;	 1.0;	 (1.0)
2610.0 ;	 1.0;	 (1.0)
2640.0 ;	 1.0;	 (1.0)
2670.0 ;	 1.0;	 (1.3833333333333333)
2700.0 ;	 1.0;	 (1.0)


Optimal? Leximin solution : [0.4126213560501313, 0.45985330031745514, 0.5295955719211841, 0.571547780643336, 0.571547780643336, 0.5732947866242173, 0.5765198143444262, 0.5773938221755396, 0.5801084333955625, 0.5897897255512872, 0.5930597578489737, 0.605083873888504, 0.61290475235105, 0.6202323901840399, 0.6284489282047562, 0.6340745989767681, 0.6408531333412592, 0.6517870852425479, 0.6524037939896165, 0.6524037939896165, 0.6525423429382435, 0.6718271387625664, 0.6728033047484728, 0.6750562536400246, 0.6783992035217372, 0.6918726117986845, 0.6980723388051181, 0.6998419193314493, 0.7095133759154039, 0.7124472281869014, 0.7197029903966793, 0.7206557405437157, 0.7248174431870397, 0.7257448938311076, 0.7280249180927961, 0.7365888211214389, 0.7438556436197202, 0.7448949394224927, 0.7467585451946748, 0.7497494227192448, 0.7519205880349933, 0.7532459157229986, 0.762028725770369, 0.7745905465396704, 0.7771591803423641, 0.781050614158322, 0.7850713298871089, 0.7949453186450884, 0.7986901551627001, 0.8013957102012211, 0.8052260011976903, 0.806478790840013, 0.8093708497446321, 0.8104087041444443, 0.8120138990766608, 0.8144407014959152, 0.8211558884262106, 0.8253011912871788, 0.831381459357744, 0.8398009715261291, 0.8450410180028052, 0.8465023613427288, 0.8512207818762062, 0.8515868639520658, 0.8530636808477777, 0.859500725615929, 0.8617271437851988, 0.8630822536514865, 0.8701242515163299, 0.8736179757648673, 0.874356901388795, 0.8764300282686228, 0.8797134402771785, 0.8846884617727093, 0.88471327241105, 0.8906355515079549, 0.8925646305687589, 0.8986039532592909, 0.8987845384386066, 0.8990446881750285, 0.9008894127322988, 0.9038076073582426, 0.9220461429532306, 0.9250326587298319, 0.9250901937387561, 0.9253596589746587, 0.926839513280018, 0.9273690405097176, 0.9277881497335939, 0.9299105214191598, 0.9339334014972711, 0.9344641016721871, 0.9393018944545751, 0.9414956669237188, 0.9445043047049781, 0.9468263648072736, 0.9480997429477103, 0.9481425322326363, 0.9513724792495142, 0.9584808463292425, 0.9603816323303002, 0.9620521017531266, 0.963524406348383, 0.9649773824450871, 0.9653129460532741, 0.965896103424601, 0.9665236077869952, 0.9672977065458537, 0.9678366102226201, 0.9684659403999772, 0.9685940080681466, 0.9749981629736199, 0.9771431287482213, 0.9794239183755111, 0.9795375834069329, 0.9806143136432727, 0.9806952945088082, 0.9858144834630709, 0.9876301974423248, 0.9876366639299391, 0.9885650825486151, 0.9892063085846609, 0.9911281316736131, 0.9956950325217535, 0.9973294202920672, 0.997669654851161, 0.9984860323900062, 0.9988597102157579, 0.9989120423523793, 0.9991291750177685, 0.9992420771442753, 0.9993770560992936, 0.9996180696352759, 0.9996607968936749, 0.9997269380961874, 0.9997815635994345, 0.9998003922381811, 0.9998601047699717, 0.9999821079471899, 0.9999999997066324, 1.0, 1.0025430912535922, 1.0029059917195353, 1.0107658966987858, 1.0190699555207279, 1.0209862045446627, 1.0237313963451742, 1.0252565441881418, 1.0263038831234932, 1.0271884119152748, 1.0299007462807128, 1.0308783860694408, 1.0313035145724847, 1.0319266788792696, 1.0325531666579524, 1.0350995140685595, 1.0365765379708232, 1.0368431130468336, 1.0389720282453885, 1.0555055100654769, 1.0586587675852257, 1.0601652236633305, 1.0670075364134075, 1.0672797607749616, 1.0674676328623864, 1.0716929410910443, 1.085899442138037, 1.1073441932054753, 1.113614077988651, 1.11716798874836, 1.1172585293326793, 1.117554803433578, 1.1192395147289427, 1.120370003756088, 1.1241808905325505, 1.126415999882253, 1.1277108835086067, 1.1296172842462724, 1.1311306118910063, 1.1311615470035143, 1.1339720171516559, 1.1363438631689613, 1.1366104462526638, 1.1369638911432705, 1.1387200290569515, 1.1392605277706256, 1.140121258514616, 1.1438515183430678, 1.1504650872629314, 1.1523390896707593, 1.1543371341945048, 1.155894061332194, 1.1581750244722022, 1.1612136009566796, 1.162568876217906, 1.1673034776384887, 1.1714762687621478, 1.1734489778002182, 1.1736629414019142, 1.179568320619938, 1.1801360067593243, 1.1811901474987858, 1.1848197057382999, 1.1869922882186161, 1.1872648073253484, 1.207532914837753, 1.2089575522019989, 1.210729294009122, 1.2153115508247556, 1.2189077214960833, 1.220635327101419, 1.2235908454739153, 1.2250998504530366, 1.2262063919007011, 1.22709479984809, 1.2272545526566252, 1.2317848370664881, 1.2333954427716007, 1.2343475195553724, 1.2419796233649165, 1.2467066940571538, 1.2470290775885278, 1.2553538139774856, 1.2564002225745734, 1.2568126710176817, 1.2593276830429145, 1.26132856772533, 1.2675730922815593, 1.2676984420414295, 1.2719718236355342, 1.272340181037398, 1.2753424753680282, 1.2800740848242147, 1.280270346710771, 1.2812359142754595, 1.2815723318264467, 1.2841237143671178, 1.286076398393592, 1.2862156611691102, 1.2877553505968318, 1.2891878616771297, 1.2949299870163309, 1.297204327454043, 1.2976229471054905, 1.3013776633192566, 1.3025969187067223, 1.3080060225414676, 1.3132446573848018, 1.3181417064941363, 1.321865541414227, 1.3272092846705859, 1.3277457542477622, 1.3306890220815457, 1.3379206492662434, 1.338862953517273, 1.3394425844379225, 1.3425989616217022, 1.3437635804433608, 1.3477147468997492, 1.3589593034818932, 1.3680679696713103, 1.381079134523328, 1.3853135557207166, 1.3882592355178083, 1.3926024513442743, 1.3929305092087914, 1.395468638665192, 1.3984187990354446, 1.4052032102633676, 1.4068985075209257, 1.4099730779212036, 1.4112912408800389, 1.4176625490351837, 1.4210499423832357, 1.4276336529308438, 1.4362972072611426, 1.4386348463525727, 1.452241938054684, 1.4573231030563556, 1.463397825972884, 1.472257482443698, 1.4742248675627088, 1.4766983172057038, 1.4796959729521986, 1.4929042359072944, 1.4934757299968688, 1.5044663479418405, 1.5078528425892754, 1.51798698786968, 1.5200925578174072, 1.5218398735575427, 1.5354246219851062, 1.5397588230436332, 1.5442188076957075, 1.5450300369491436, 1.5528033048414223, 1.5632417317739062, 1.5642512524628838, 1.5687185332621272, 1.5696888449260784, 1.5916916483054109, 1.591870198817933, 1.622082178778666, 1.6307472613694394, 1.6482807408606155, 1.6589994238663999, 1.6605408228725187, 1.6742568348089157, 1.6775469389116224, 1.6843131259296034, 1.6965717363371826, 1.6991470085512967, 1.7008576940459932, 1.7046305628387834, 1.706908600989875, 1.720830098609547, 1.7296694599213325, 1.7375451362839285, 1.7405357202201277, 1.7406147999462467, 1.7448529215246107, 1.759449027457502, 1.7646855219247508, 1.766763646635972, 1.7705188830254468, 1.773690102757585, 1.7940206173252005, 1.7955776376316188, 1.796272121452433, 1.796480888461328, 1.7965911971459536, 1.8106100413139, 1.8139040780591784, 1.8154952973475438, 1.8203921027545036, 1.83047575057159, 1.8345963502463603, 1.841575675199538, 1.8487841534092826, 1.85166783466395, 1.8626193076681152, 1.8783160425386314, 1.8840294107184015, 1.894698613257321, 1.8977525688735013, 1.9078858268489673, 1.9081696303141693, 1.9172038118865975, 1.934046821640041, 1.947989628107644, 1.952032497971706, 1.9537565355390056, 1.9585750838841025, 1.9594247905836244, 1.9660367207610467, 2.009014819683856, 2.011228152902742, 2.018391329401486, 2.0208382164499663, 2.0225793717356297, 2.0273551483480765, 2.032122232291631, 2.065377171798346, 2.070184916842748, 2.0730881787576423, 2.075492376661116, 2.0846033104343005, 2.095192640222857, 2.100207705174711, 2.10038388737994, 2.113610289263065, 2.1149402750676494, 2.1168226122956653, 2.1205544846081152, 2.123555153032806, 2.1277838620560403, 2.1399972543258254, 2.1410325656091644, 2.1495295876211746, 2.1672080355661887, 2.167943484187216, 2.1742748007114048, 2.1781423880154147, 2.1864924254291958, 2.1927064362759445, 2.1946498705004127, 2.1963288920474455, 2.207480630915438, 2.227270090352293, 2.228808322157, 2.2301757942048095, 2.2370596722070273, 2.2762229006742563, 2.281193640157428, 2.2839721688478636, 2.288438516665563, 2.289846496233534, 2.3053399007468474, 2.322766035497277, 2.3251499612767947, 2.327341205799443, 2.3346779454274134, 2.3354163052553236, 2.3403257099854287, 2.3517255014086897, 2.3639857962034814, 2.368028856766462, 2.373333988967582, 2.3765354651656905, 2.381552865076742, 2.386192229098264, 2.406129729583806, 2.413241595604892, 2.432277204568163, 2.442374026251655, 2.457912087808723, 2.506861627830498, 2.5093906678547397, 2.5152310298619973, 2.530650946351191, 2.5344673709600736, 2.543129316154322, 2.5589410488829323, 2.5700843016209833, 2.583823091624695, 2.628827813637882, 2.6353768504307182, 2.636208238711338, 2.636638786761127, 2.639389553765339, 2.639873264949012, 2.6522884459486114, 2.675119073112395, 2.6831811038281588, 2.69826298873801, 2.7094105891356968, 2.7450386148947516, 2.770964183381548, 2.7756654379269534, 2.7829489702581136, 2.7909814891233817, 2.8184595389884715, 2.836811345103221, 2.8458094017175393, 2.8664576215615996, 2.8694544641361914, 2.8757801831103267, 2.914078446252967, 2.914107732489745, 2.940458029703189, 2.944879292022334, 2.9529951403204424, 2.966821994655255, 2.9746202682659697, 2.9925513293552766, 3.0001646043977184, 3.0036407809075976, 3.0345065668749687, 3.1311375804075636, 3.145474857470183, 3.174764423908582, 3.1773033278283713, 3.183181027907715, 3.2628058966067566, 3.270145105044825, 3.2742477179952933, 3.342620196066565, 3.3610028026692507, 3.37520160842507, 3.3884960143813454, 3.410333745074265, 3.418931480418691, 3.437692805174481, 3.4527936835995323, 3.453149176129712, 3.456850279987996, 3.503612230932254, 3.5631049550974394, 3.626011229899835, 3.6593102185164454, 3.706521241771227, 3.795034503791014, 3.8221041728122658, 3.95413481851188, 3.9662023756397957, 3.972229901557211, 3.978720587412651, 3.987375375463123, 3.9874845837426163, 3.999999999999999, 4.099579726647365, 4.102617465898319, 4.112821013683951, 4.141158686637519, 4.1797907729373325, 4.192179593301352, 4.23466514849144, 4.275710273671013, 4.276117172117414, 4.379775844115131, 4.567816914945959, 4.583830853013875, 4.655067714003574, 4.715809421954431, 4.744978354942613, 4.774276419068095, 4.775509352862745, 4.809726733461917, 4.820951691569918, 4.885657357596072, 4.997130734167604, 4.998543206890489, 5.263536451008402, 5.282275854728084, 5.314893243775085, 5.354995567319156, 5.420564341684816, 5.8592500230573705, 5.872664410084931, 5.969844742161986, 6.02407126406415, 6.036675304915292, 6.072741685502194, 6.231227439722001, 6.282246140229947, 6.290002525477346, 6.29042848335069, 6.310903212344386, 6.3176220830811305, 6.356759268595727, 6.358080866723962, 6.466824566976991, 6.540345755664991, 6.598248148228421, 6.681088605587504, 6.8761763224376615, 6.8761763224376615, 7.160078369517651, 7.18938454837217, 7.451362668536294, 7.471574293747323, 7.581127485232152, 7.669382812563181, 7.804105763462153, 7.860308194808919, 7.873997000479351, 7.933313321621021, 8.054099969881149, 8.084948607562854, 8.120138990766607, 8.12885756977151, 8.176677768462714, 8.20384733558262, 8.20384733558262, 8.237318726799806, 8.313630729023302, 8.324039436720463, 8.38432583855387, 8.386970420371634, 8.575926466256233, 8.617271437851986, 8.727865172146965, 8.763916898299495, 8.779354930843315, 8.79782394833053, 8.827881351361265, 8.87385216997517, 8.944230472766874, 8.954297699595774, 9.09186358696184, 9.15255078829294, 9.17625452003737, 9.17625452003737, 9.17625452003737, 9.200097500361283, 9.208903470943005, 9.213520615549712, 9.340193138558925, 9.354047718730964, 9.386001537117961, 9.524274614701088, 9.5523895694143, 9.594657518419627, 9.642359890723652, 9.665725523159539, 9.696395221498184, 9.706961155123558, 9.724267888778735, 9.817238805795025, 9.835013120774127, 9.856271246098093, 9.856654029990288, 9.919895497498375, 9.962798198774017, 9.97682438211243, 9.997332697487712, 9.999696481054508, 9.999952431472684, 9.999962671149234, 10.0]
 Utility solution 279.5348658666019
 Nash solution 6.222178553950788E-47
 Agent percent of allocated resources : 1.1111111111111112%, 7.222222222222221%, 1.1111111111111112%, 0.5555555555555556%, 1.6666666666666667%, 1.1111111111111112%, 1.1111111111111112%, 1.1111111111111112%, 0.5555555555555556%, 0.5555555555555556%, 1.6666666666666667%, 1.1111111111111112%, 1.6666666666666667%, 1.6666666666666667%, 1.6666666666666667%, 0.5555555555555556%, 3.3333333333333335%, 0.5555555555555556%, 0.5555555555555556%, 1.1111111111111112%, 1.1111111111111112%, 1.1111111111111112%, 0.5555555555555556%, 0.5555555555555556%, 0.5555555555555556%, 1.6666666666666667%, 0.5555555555555556%, 0.5555555555555556%, 1.1111111111111112%, 1.1111111111111112%, 0.5555555555555556%, 1.1111111111111112%, 1.1111111111111112%, 0.5555555555555556%, 1.1111111111111112%, 0.5555555555555556%, 1.6666666666666667%, 0.5555555555555556%, 2.2222222222222223%, 0.5555555555555556%, 1.1111111111111112%, 0.5555555555555556%, 0.5555555555555556%, 3.888888888888889%, 0.5555555555555556%, 0.5555555555555556%, 2.2222222222222223%, 0.5555555555555556%, 1.1111111111111112%, 0.5555555555555556%, 1.1111111111111112%, 1.6666666666666667%, 1.1111111111111112%, 1.1111111111111112%, 1.6666666666666667%, 0.5555555555555556%, 1.1111111111111112%, 0.5555555555555556%, 2.7777777777777777%, 1.1111111111111112%, 0.5555555555555556%, 0.5555555555555556%, 1.1111111111111112%, 1.1111111111111112%, 0.5555555555555556%, 1.1111111111111112%, 2.2222222222222223%, 1.1111111111111112%, 1.1111111111111112%, 1.1111111111111112%, 0.5555555555555556%, 0.5555555555555556%, 1.1111111111111112%, 0.5555555555555556%, 1.1111111111111112%, 1.1111111111111112%, 2.7777777777777777%, 0.5555555555555556%, 1.1111111111111112%, 1.1111111111111112%, 0.5555555555555556%, 1.1111111111111112%, 0.5555555555555556%, 1.1111111111111112%, 0.5555555555555556%, 1.1111111111111112%, 0.5555555555555556%, 1.6666666666666667%, 1.1111111111111112%, 0.5555555555555556%, 1.1111111111111112%, 1.1111111111111112%, 1.6666666666666667%, 1.1111111111111112%, 0.5555555555555556%, 0.5555555555555556%, 1.1111111111111112%, 1.1111111111111112%, 0.5555555555555556%, 2.2222222222222223%, 1.6666666666666667%, 1.1111111111111112%, 3.3333333333333335%, 1.1111111111111112%, 1.6666666666666667%, 1.1111111111111112%, 0.5555555555555556%, 0.5555555555555556%, 0.5555555555555556%, 0.5555555555555556%, 2.2222222222222223%, 0.5555555555555556%, 1.1111111111111112%, 13.333333333333334%, 0.5555555555555556%, 1.1111111111111112%, 0.5555555555555556%, 1.1111111111111112%, 1.1111111111111112%, 1.6666666666666667%, 1.1111111111111112%, 1.6666666666666667%, 0.5555555555555556%, 0.5555555555555556%, 0.5555555555555556%, 1.6666666666666667%, 0.5555555555555556%, 3.3333333333333335%, 1.6666666666666667%, 1.1111111111111112%, 1.6666666666666667%, 1.6666666666666667%, 0.5555555555555556%, 0.5555555555555556%, 1.6666666666666667%, 2.7777777777777777%, 0.5555555555555556%, 0.5555555555555556%, 1.1111111111111112%, 1.1111111111111112%, 0.5555555555555556%, 1.6666666666666667%, 3.3333333333333335%, 0.5555555555555556%, 1.1111111111111112%, 1.1111111111111112%, 1.1111111111111112%, 0.5555555555555556%, 0.5555555555555556%, 1.6666666666666667%, 1.6666666666666667%, 1.1111111111111112%, 1.1111111111111112%, 1.1111111111111112%, 1.6666666666666667%, 0.5555555555555556%, 0.5555555555555556%, 1.1111111111111112%, 0.5555555555555556%, 1.6666666666666667%, 0.5555555555555556%, 1.1111111111111112%, 0.5555555555555556%, 2.2222222222222223%, 0.5555555555555556%, 2.2222222222222223%, 1.1111111111111112%, 1.6666666666666667%, 0.5555555555555556%, 0.5555555555555556%, 1.1111111111111112%, 0.5555555555555556%, 1.1111111111111112%, 0.5555555555555556%, 0.5555555555555556%, 0.5555555555555556%, 1.1111111111111112%, 1.1111111111111112%, 1.1111111111111112%, 0.5555555555555556%, 0.5555555555555556%, 1.6666666666666667%, 0.5555555555555556%, 1.1111111111111112%, 1.1111111111111112%, 1.1111111111111112%, 2.7777777777777777%, 1.1111111111111112%, 20.0%, 1.1111111111111112%, 0.5555555555555556%, 1.6666666666666667%, 1.1111111111111112%, 1.1111111111111112%, 1.1111111111111112%, 0.5555555555555556%, 3.888888888888889%, 1.1111111111111112%, 0.5555555555555556%, 0.5555555555555556%, 1.1111111111111112%, 1.6666666666666667%, 0.5555555555555556%, 1.1111111111111112%, 0.5555555555555556%, 1.6666666666666667%, 0.5555555555555556%, 1.1111111111111112%, 1.1111111111111112%, 4.444444444444445%, 0.5555555555555556%, 0.5555555555555556%, 1.6666666666666667%, 1.1111111111111112%, 0.5555555555555556%, 2.7777777777777777%, 0.5555555555555556%, 2.2222222222222223%, 0.5555555555555556%, 1.6666666666666667%, 1.6666666666666667%, 5.555555555555555%, 2.2222222222222223%, 1.1111111111111112%, 0.5555555555555556%, 7.222222222222221%, 1.6666666666666667%, 0.5555555555555556%, 0.5555555555555556%, 1.1111111111111112%, 0.5555555555555556%, 0.5555555555555556%, 1.6666666666666667%, 0.5555555555555556%, 1.1111111111111112%, 1.6666666666666667%, 1.1111111111111112%, 1.6666666666666667%, 1.1111111111111112%, 0.5555555555555556%, 0.5555555555555556%, 0.5555555555555556%, 0.5555555555555556%, 0.5555555555555556%, 1.6666666666666667%, 1.1111111111111112%, 1.1111111111111112%, 1.6666666666666667%, 1.6666666666666667%, 1.6666666666666667%, 1.6666666666666667%, 2.7777777777777777%, 1.1111111111111112%, 1.6666666666666667%, 0.5555555555555556%, 2.2222222222222223%, 1.6666666666666667%, 1.1111111111111112%, 0.5555555555555556%, 1.1111111111111112%, 1.1111111111111112%, 2.2222222222222223%, 1.1111111111111112%, 1.6666666666666667%, 0.5555555555555556%, 1.1111111111111112%, 1.1111111111111112%, 1.6666666666666667%, 1.1111111111111112%, 2.7777777777777777%, 1.1111111111111112%, 1.6666666666666667%, 1.6666666666666667%, 1.1111111111111112%, 1.6666666666666667%, 0.5555555555555556%, 1.1111111111111112%, 1.1111111111111112%, 1.1111111111111112%, 1.1111111111111112%, 1.6666666666666667%, 0.5555555555555556%, 0.5555555555555556%, 0.5555555555555556%, 1.1111111111111112%, 2.2222222222222223%, 0.5555555555555556%, 0.5555555555555556%, 1.1111111111111112%, 0.5555555555555556%, 0.5555555555555556%, 0.5555555555555556%, 0.5555555555555556%, 0.5555555555555556%, 1.1111111111111112%, 1.6666666666666667%, 0.5555555555555556%, 1.1111111111111112%, 0.5555555555555556%, 0.5555555555555556%, 0.5555555555555556%, 0.5555555555555556%, 2.2222222222222223%, 0.5555555555555556%, 0.5555555555555556%, 0.5555555555555556%, 0.5555555555555556%, 5.0%, 0.5555555555555556%, 1.1111111111111112%, 1.1111111111111112%, 1.1111111111111112%, 0.5555555555555556%, 0.5555555555555556%, 1.6666666666666667%, 0.5555555555555556%, 0.5555555555555556%, 0.5555555555555556%, 1.1111111111111112%, 1.1111111111111112%, 0.5555555555555556%, 1.1111111111111112%, 3.3333333333333335%, 1.6666666666666667%, 1.6666666666666667%, 1.6666666666666667%, 1.1111111111111112%, 2.2222222222222223%, 1.1111111111111112%, 1.1111111111111112%, 0.5555555555555556%, 5.555555555555555%, 0.5555555555555556%, 0.5555555555555556%, 2.2222222222222223%, 1.1111111111111112%, 0.5555555555555556%, 0.5555555555555556%, 0.5555555555555556%, 1.1111111111111112%, 1.1111111111111112%, 1.1111111111111112%, 1.1111111111111112%, 0.5555555555555556%, 1.6666666666666667%, 1.6666666666666667%, 0.5555555555555556%, 0.5555555555555556%, 0.5555555555555556%, 1.6666666666666667%, 0.5555555555555556%, 1.1111111111111112%, 0.5555555555555556%, 3.888888888888889%, 0.5555555555555556%, 0.5555555555555556%, 0.5555555555555556%, 0.5555555555555556%, 1.6666666666666667%, 1.1111111111111112%, 1.1111111111111112%, 0.5555555555555556%, 0.5555555555555556%, 1.6666666666666667%, 1.1111111111111112%, 0.5555555555555556%, 0.5555555555555556%, 0.5555555555555556%, 2.2222222222222223%, 1.1111111111111112%, 0.5555555555555556%, 0.5555555555555556%, 0.5555555555555556%, 1.1111111111111112%, 2.7777777777777777%, 3.888888888888889%, 0.5555555555555556%, 0.5555555555555556%, 1.6666666666666667%, 0.5555555555555556%, 0.5555555555555556%, 0.5555555555555556%, 0.5555555555555556%, 1.1111111111111112%, 0.5555555555555556%, 1.1111111111111112%, 0.5555555555555556%, 0.5555555555555556%, 1.1111111111111112%, 0.5555555555555556%, 1.1111111111111112%, 0.5555555555555556%, 1.6666666666666667%, 4.444444444444445%, 1.6666666666666667%, 0.5555555555555556%, 0.5555555555555556%, 1.1111111111111112%, 1.6666666666666667%, 1.1111111111111112%, 1.1111111111111112%, 0.5555555555555556%, 0.5555555555555556%, 0.5555555555555556%, 0.5555555555555556%, 1.1111111111111112%, 8.333333333333332%, 0.5555555555555556%, 0.5555555555555556%, 0.5555555555555556%, 0.5555555555555556%, 2.7777777777777777%, 0.5555555555555556%, 0.5555555555555556%, 1.1111111111111112%, 1.1111111111111112%, 2.2222222222222223%, 0.5555555555555556%, 1.1111111111111112%, 0.5555555555555556%, 2.2222222222222223%, 2.2222222222222223%, 1.1111111111111112%, 0.5555555555555556%, 0.5555555555555556%, 1.6666666666666667%, 0.5555555555555556%, 0.5555555555555556%, 0.5555555555555556%, 1.6666666666666667%, 0.5555555555555556%, 1.1111111111111112%, 0.5555555555555556%, 1.1111111111111112%, 0.5555555555555556%, 0.5555555555555556%, 0.5555555555555556%, 0.5555555555555556%, 1.1111111111111112%, 1.1111111111111112%, 0.5555555555555556%, 1.1111111111111112%, 0.5555555555555556%, 1.1111111111111112%, 1.1111111111111112%, 0.5555555555555556%, 0.5555555555555556%, 0.5555555555555556%, 0.5555555555555556%, 0.5555555555555556%, 0.5555555555555556%, 0.5555555555555556%, 0.5555555555555556%, 1.1111111111111112%, 1.1111111111111112%, 0.5555555555555556%, 1.1111111111111112%, 0.5555555555555556%, 1.1111111111111112%, 1.1111111111111112%, 1.1111111111111112%, 1.1111111111111112%, 0.5555555555555556%, 1.1111111111111112%, 0.5555555555555556%, 1.1111111111111112%, 0.5555555555555556%, 1.6666666666666667%, 0.5555555555555556%, 1.1111111111111112%, 0.5555555555555556%, 1.1111111111111112%, 0.5555555555555556%, 0.5555555555555556%, 2.7777777777777777%, 1.6666666666666667%, 0.5555555555555556%, 0.5555555555555556%, 0.5555555555555556%, 1.1111111111111112%, 0.5555555555555556%, 1.1111111111111112%, 1.1111111111111112%, 0.5555555555555556%, 0.5555555555555556%, 1.6666666666666667%, 1.1111111111111112%, 1.1111111111111112%, 1.1111111111111112%, 1.1111111111111112%, 1.1111111111111112%, 1.6666666666666667%, 1.1111111111111112%, 1.6666666666666667%, 0.5555555555555556%, 0.5555555555555556%, 0.5555555555555556%, 0.5555555555555556%, 0.5555555555555556%, 1.1111111111111112%, 1.6666666666666667%, 1.1111111111111112%, 0.5555555555555556%, 0.5555555555555556%, 0.5555555555555556%, 1.6666666666666667%, 1.6666666666666667%, 1.1111111111111112%, 0.5555555555555556%, 0.5555555555555556%, 1.6666666666666667%, 2.2222222222222223%, 1.1111111111111112%, 1.1111111111111112%, 0.5555555555555556%, 1.6666666666666667%, 1.1111111111111112%, 0.5555555555555556%, 1.1111111111111112%, 24.444444444444443%, 0.5555555555555556%, 1.1111111111111112%, 0.5555555555555556%, 1.6666666666666667%, 2.7777777777777777%, 0.5555555555555556%, 6.111111111111111%, 1.1111111111111112%, 1.1111111111111112%, 0.5555555555555556%, 1.6666666666666667%, 0.5555555555555556%, 0.5555555555555556%, 5.555555555555555%, 0.5555555555555556%, 0.5555555555555556%, 2.7777777777777777%, 1.1111111111111112%, 1.1111111111111112%, 0.5555555555555556%, 0.5555555555555556%, 0.5555555555555556%, 3.3333333333333335%, 0.5555555555555556%, 1.1111111111111112%, 0.5555555555555556%, 0.5555555555555556%, 1.1111111111111112%, 1.1111111111111112%, 0.5555555555555556%, 0.5555555555555556%, 1.6666666666666667%, 0.5555555555555556%, 1.1111111111111112%, 1.1111111111111112%, 1.1111111111111112%, 1.1111111111111112%, 2.2222222222222223%, 1.1111111111111112%, 1.1111111111111112%, 1.6666666666666667%, 1.1111111111111112%, 1.1111111111111112%, 1.1111111111111112%, 0.5555555555555556%, 3.888888888888889%, 1.6666666666666667%, 1.6666666666666667%, 1.6666666666666667%, 0.5555555555555556%, 0.5555555555555556%, 0.5555555555555556%, 1.6666666666666667%, 0.5555555555555556%, 2.2222222222222223%, 0.5555555555555556%, 0.5555555555555556%, 0.5555555555555556%, 2.2222222222222223%, 0.5555555555555556%, 7.222222222222221%, 1.1111111111111112%, 1.1111111111111112%, 0.5555555555555556%, 0.5555555555555556%, 7.222222222222221%, 1.6666666666666667%, 1.1111111111111112%, 1.1111111111111112%, 1.1111111111111112%, 1.1111111111111112%, 0.5555555555555556%, 3.3333333333333335%, 1.1111111111111112%, 7.777777777777778%, 1.1111111111111112%, 3.888888888888889%, 0.5555555555555556%, 1.1111111111111112%, 1.1111111111111112%, 
 Agents sorted by criticity? false

