10 ; 2 ; 20 ; 12 ; 6.0 ; 0.6 ; 0.0 ; 0.5 ; 1.0 ; -1.0 ; -1.0 ; -1.0 ; 0.118970579549492 ; 4.592740584280678E-8 ; 0.23133908856512247 ; Utility ; 2 ; 50 ; 120000 ; 60000 ; 10 AGENTS 6.0 CAPACITY  ; 1

10 ; 2 ; 20 ; 12 ; 10.0 ; 1.0 ; 4.0 ; 4.5 ; 5.0 ; -1.0 ; -1.0 ; -1.0 ; 0.3481442537265962 ; 2.1133138977573298E-5 ; 0.3456702840502126 ; Utility ; 2 ; 50 ; 120000 ; 60000 ; 10 AGENTS 10.0 CAPACITY  ; 1



Iteration number -10 : 


10 ; 2 ; 20 ; 12 ; 6.0 ; 0.6 ; 0.0 ; 0.5 ; 1.0 ; -1.0 ; -1.0 ; -1.0 ; 0.118970579549492 ; 4.592740584280679E-8 ; 0.2349882082149949 ; Utility ; 2 ; 50 ; 120000 ; 60000 ; 10 AGENTS 6.0 CAPACITY  ; 2

10 ; 2 ; 20 ; 12 ; 10.0 ; 1.0 ; 4.0 ; 4.5 ; 5.0 ; -1.0 ; -1.0 ; -1.0 ; 0.3147095600193304 ; 2.11331389775733E-5 ; 0.3420211644003402 ; Utility ; 2 ; 50 ; 120000 ; 60000 ; 10 AGENTS 10.0 CAPACITY  ; 2



Iteration number -9 : 


10 ; 2 ; 20 ; 12 ; 6.0 ; 0.6 ; 0.0 ; 0.5 ; 1.0 ; -1.0 ; -1.0 ; -1.0 ; 0.11897057954949201 ; 4.592740584280679E-8 ; 0.23620458143161902 ; Utility ; 2 ; 50 ; 120000 ; 60000 ; 10 AGENTS 6.0 CAPACITY  ; 3

10 ; 2 ; 20 ; 12 ; 10.0 ; 1.0 ; 4.0 ; 4.5 ; 5.0 ; -1.0 ; -1.0 ; -1.0 ; 0.3258544579217523 ; 2.1133138977573304E-5 ; 0.34323753761696435 ; Utility ; 2 ; 50 ; 120000 ; 60000 ; 10 AGENTS 10.0 CAPACITY  ; 3



Iteration number -8 : 


10 ; 2 ; 20 ; 12 ; 6.0 ; 0.6 ; 0.0 ; 0.5 ; 1.0 ; -1.0 ; -1.0 ; -1.0 ; 0.118970579549492 ; 4.592740584280679E-8 ; 0.23681276803993107 ; Utility ; 2 ; 50 ; 120000 ; 60000 ; 10 AGENTS 6.0 CAPACITY  ; 4

